X	Y
1972.000	1084.000
1974.432	1082.756
1977.158	1081.812
1980.172	1081.158
1983.465	1080.784
1987.029	1080.681
1990.858	1080.838
1994.943	1081.247
1999.276	1081.896
2003.849	1082.778
2008.656	1083.881
2013.688	1085.197
2018.937	1086.714
2024.396	1088.425
2030.057	1090.318
2035.913	1092.385
2041.955	1094.615
2048.175	1096.999
2054.567	1099.527
2061.122	1102.189
2067.833	1104.976
2074.691	1107.878
2081.689	1110.884
2088.820	1113.986
2096.076	1117.174
2103.448	1120.437
2110.929	1123.767
2118.512	1127.153
2126.189	1130.586
2133.951	1134.055
2141.792	1137.552
2149.703	1141.066
2157.677	1144.588
2165.706	1148.109
2173.782	1151.617
2181.898	1155.104
2190.045	1158.560
2198.220	1161.983
2206.419	1165.372
2214.638	1168.729
2222.874	1172.052
2231.122	1175.341
2239.381	1178.598
2247.646	1181.822
2255.914	1185.014
2264.181	1188.173
2272.444	1191.300
2280.700	1194.394
2288.944	1197.457
2297.174	1200.487
2305.386	1203.486
2313.576	1206.453
2321.742	1209.388
2329.878	1212.292
2337.983	1215.165
2346.053	1218.006
2354.084	1220.817
2362.072	1223.597
2370.014	1226.346
2377.907	1229.065
2385.748	1231.753
2393.531	1234.411
2401.256	1237.038
2408.917	1239.636
2416.511	1242.204
2424.035	1244.742
2431.485	1247.250
2438.858	1249.729
2446.150	1252.179
2453.359	1254.599
2460.479	1256.990
2467.509	1259.353
2474.444	1261.687
2481.281	1263.992
2488.017	1266.268
2494.647	1268.516
2501.169	1270.736
2507.580	1272.928
2513.874	1275.092
2520.050	1277.228
2526.103	1279.336
2532.031	1281.417
2537.834	1283.472
2543.514	1285.504
2549.076	1287.515
2554.520	1289.508
2559.851	1291.484
2565.071	1293.448
2570.182	1295.401
2575.189	1297.345
2580.093	1299.284
2584.897	1301.219
2589.604	1303.154
2594.217	1305.090
2598.739	1307.030
2603.173	1308.977
2607.521	1310.933
2611.786	1312.901
2615.971	1314.883
2620.079	1316.881
2624.113	1318.899
2628.075	1320.938
2631.969	1323.002
2635.796	1325.092
2639.561	1327.211
2643.266	1329.362
2646.913	1331.547
2650.505	1333.769
2654.046	1336.030
2657.538	1338.332
2660.984	1340.676
2664.388	1343.063
2667.753	1345.493
2671.083	1347.968
2674.381	1350.487
2677.650	1353.051
2680.895	1355.661
2684.117	1358.318
2687.321	1361.021
2690.510	1363.773
2693.687	1366.572
2696.856	1369.420
2700.020	1372.318
2703.183	1375.266
2706.348	1378.264
2709.518	1381.314
2712.696	1384.416
2715.887	1387.570
2719.094	1390.777
2722.319	1394.038
2725.567	1397.353
2728.840	1400.723
2732.143	1404.148
2735.475	1407.629
2738.831	1411.163
2742.201	1414.748
2745.578	1418.381
2748.951	1422.058
2752.312	1425.778
2755.654	1429.537
2758.966	1433.334
2762.240	1437.164
2765.468	1441.026
2768.640	1444.916
2771.749	1448.833
2774.785	1452.772
2777.739	1456.733
2780.603	1460.711
2783.369	1464.703
2786.026	1468.709
2788.568	1472.724
2790.984	1476.745
2793.267	1480.771
2795.407	1484.798
2797.396	1488.824
2799.224	1492.846
2800.885	1496.861
2802.367	1500.866
2803.664	1504.859
2804.768	1508.837
2805.685	1512.800
2806.430	1516.746
2807.020	1520.675
2807.468	1524.588
2807.791	1528.484
2808.003	1532.362
2808.120	1536.222
2808.157	1540.064
2808.129	1543.888
2808.051	1547.693
2807.938	1551.479
2807.806	1555.246
2807.670	1558.994
2807.544	1562.721
2807.445	1566.429
2807.387	1570.115
2807.386	1573.782
2807.457	1577.427
2807.614	1581.051
2807.873	1584.653
2808.249	1588.234
2808.744	1591.793
2809.354	1595.334
2810.074	1598.857
2810.897	1602.366
2811.820	1605.862
2812.836	1609.346
2813.941	1612.821
2815.130	1616.289
2816.396	1619.751
2817.736	1623.209
2819.144	1626.667
2820.615	1630.124
2822.143	1633.584
2823.723	1637.048
2825.351	1640.518
2827.020	1643.996
2828.726	1647.484
2830.464	1650.985
2832.229	1654.499
2834.014	1658.028
2835.816	1661.575
2837.629	1665.137
2839.448	1668.711
2841.267	1672.296
2843.083	1675.888
2844.890	1679.485
2846.683	1683.085
2848.457	1686.685
2850.207	1690.282
2851.927	1693.875
2853.614	1697.460
2855.261	1701.035
2856.865	1704.598
2858.419	1708.146
2859.920	1711.676
2861.361	1715.186
2862.738	1718.674
2864.046	1722.137
2865.280	1725.572
2866.434	1728.978
2867.505	1732.350
2868.486	1735.688
2869.371	1738.984
2870.153	1742.227
2870.823	1745.409
2871.372	1748.518
2871.794	1751.544
2872.079	1754.477
2872.220	1757.306
2872.209	1760.020
2872.038	1762.611
2871.698	1765.066
2871.181	1767.377
2870.479	1769.532
2869.585	1771.521
2868.491	1773.333
2867.188	1774.960
2865.686	1776.405
2864.002	1777.680
2862.159	1778.799
2860.175	1779.776
2858.069	1780.623
2855.862	1781.354
2853.574	1781.982
2851.224	1782.521
2848.832	1782.985
2846.417	1783.385
2844.000	1783.736
2841.600	1784.051
2839.232	1784.344
2836.897	1784.634
2834.593	1784.937
2832.320	1785.272
2830.076	1785.656
2827.862	1786.109
2825.675	1786.646
2823.514	1787.287
2821.380	1788.049
2819.270	1788.951
2817.185	1790.009
2815.122	1791.243
2813.081	1792.669
2811.066	1794.291
2809.085	1796.099
2807.148	1798.080
2805.263	1800.223
2803.439	1802.515
2801.685	1804.945
2800.010	1807.501
2798.424	1810.171
2796.934	1812.943
2795.550	1815.805
2794.281	1818.744
2793.135	1821.750
2792.123	1824.811
2791.251	1827.914
2790.531	1831.047
2789.970	1834.198
2789.573	1837.360
2789.334	1840.531
2789.243	1843.715
2789.291	1846.913
2789.468	1850.129
2789.763	1853.365
2790.169	1856.623
2790.674	1859.906
2791.271	1863.217
2791.947	1866.557
2792.695	1869.929
2793.505	1873.336
2794.367	1876.781
2795.271	1880.265
2796.209	1883.791
2797.169	1887.362
2798.144	1890.980
2799.122	1894.647
2800.095	1898.367
2801.054	1902.138
2801.993	1905.954
2802.908	1909.805
2803.794	1913.682
2804.647	1917.576
2805.461	1921.478
2806.231	1925.378
2806.954	1929.268
2807.623	1933.139
2808.235	1936.981
2808.784	1940.785
2809.266	1944.542
2809.675	1948.243
2810.008	1951.879
2810.259	1955.441
2810.424	1958.920
2810.497	1962.306
2810.475	1965.590
2810.351	1968.764
2810.122	1971.818
2809.782	1974.743
2809.328	1977.531
2808.755	1980.175
2808.060	1982.668
2807.238	1985.003
2806.285	1987.172
2805.198	1989.169
2803.973	1990.987
2802.605	1992.618
2801.091	1994.054
2799.427	1995.290
2797.608	1996.318
2795.631	1997.130
2793.498	1997.727
2791.220	1998.123
2788.814	1998.336
2786.294	1998.382
2783.676	1998.279
2780.973	1998.045
2778.201	1997.696
2775.375	1997.249
2772.510	1996.723
2769.621	1996.134
2766.723	1995.499
2763.830	1994.836
2760.958	1994.161
2758.121	1993.493
2755.335	1992.848
2752.610	1992.242
2749.944	1991.690
2747.338	1991.203
2744.788	1990.796
2742.294	1990.482
2739.855	1990.275
2737.469	1990.186
2735.134	1990.230
2732.850	1990.421
2730.614	1990.771
2728.426	1991.293
2726.283	1992.001
2724.185	1992.909
2722.130	1994.026
2720.117	1995.347
2718.146	1996.860
2716.216	1998.555
2714.326	2000.420
2712.476	2002.444
2710.664	2004.616
2708.891	2006.925
2707.156	2009.360
2705.457	2011.909
2703.795	2014.562
2702.168	2017.308
2700.576	2020.135
2699.019	2023.032
2697.495	2025.989
2696.003	2028.993
2694.545	2032.035
2693.123	2035.112
2691.740	2038.221
2690.400	2041.358
2689.107	2044.522
2687.864	2047.710
2686.675	2050.919
2685.543	2054.147
2684.473	2057.390
2683.467	2060.647
2682.529	2063.915
2681.664	2067.191
2680.874	2070.473
2680.163	2073.757
2679.534	2077.042
2678.992	2080.324
2678.540	2083.602
2678.182	2086.873
2677.920	2090.133
2677.754	2093.381
2677.674	2096.616
2677.670	2099.838
2677.732	2103.046
2677.850	2106.238
2678.014	2109.414
2678.215	2112.574
2678.441	2115.716
2678.683	2118.840
2678.931	2121.944
2679.176	2125.029
2679.406	2128.093
2679.613	2131.136
2679.785	2134.157
2679.914	2137.154
2679.989	2140.128
2680.000	2143.077
2679.937	2145.998
2679.792	2148.876
2679.556	2151.693
2679.221	2154.433
2678.780	2157.078
2678.222	2159.611
2677.541	2162.015
2676.728	2164.271
2675.773	2166.364
2674.670	2168.276
2673.410	2169.989
2671.984	2171.486
2670.384	2172.750
2668.604	2173.767
2666.652	2174.545
2664.546	2175.107
2662.301	2175.474
2659.935	2175.665
2657.464	2175.702
2654.904	2175.606
2652.273	2175.399
2649.586	2175.101
2646.861	2174.733
2644.113	2174.317
2641.360	2173.873
2638.618	2173.421
2635.904	2172.985
2633.230	2172.581
2630.594	2172.217
2627.993	2171.898
2625.421	2171.631
2622.873	2171.420
2620.345	2171.271
2617.832	2171.188
2615.329	2171.178
2612.832	2171.246
2610.335	2171.396
2607.834	2171.636
2605.325	2171.969
2602.802	2172.402
2600.262	2172.939
2597.700	2173.586
2595.126	2174.346
2592.554	2175.224
2589.995	2176.223
2587.463	2177.346
2584.970	2178.597
2582.530	2179.979
2580.155	2181.496
2577.859	2183.152
2575.653	2184.949
2573.551	2186.892
2571.566	2188.984
2569.711	2191.229
2567.998	2193.630
2566.440	2196.190
2565.050	2198.913
2563.826	2201.792
2562.762	2204.814
2561.850	2207.970
2561.083	2211.246
2560.455	2214.631
2559.956	2218.114
2559.580	2221.682
2559.319	2225.323
2559.167	2229.026
2559.116	2232.780
2559.158	2236.572
2559.286	2240.390
2559.493	2244.223
2559.772	2248.059
2560.115	2251.887
2560.515	2255.694
2560.964	2259.469
2561.455	2263.199
2561.981	2266.874
2562.535	2270.484
2563.114	2274.034
2563.713	2277.531
2564.331	2280.983
2564.964	2284.398
2565.608	2287.784
2566.262	2291.149
2566.922	2294.499
2567.584	2297.844
2568.246	2301.190
2568.905	2304.546
2569.558	2307.920
2570.201	2311.319
2570.832	2314.750
2571.448	2318.223
2572.044	2321.744
2572.620	2325.321
2573.170	2328.963
2573.693	2332.677
2574.186	2336.470
2574.645	2340.344
2575.070	2344.294
2575.459	2348.314
2575.812	2352.396
2576.127	2356.534
2576.404	2360.721
2576.639	2364.952
2576.834	2369.220
2576.985	2373.517
2577.093	2377.839
2577.156	2382.178
2577.173	2386.527
2577.142	2390.881
2577.063	2395.233
2576.934	2399.576
2576.754	2403.904
2576.521	2408.210
2576.236	2412.489
2575.896	2416.732
2575.500	2420.935
2575.047	2425.091
2574.536	2429.192
2573.965	2433.233
2573.334	2437.206
2572.638	2441.103
2571.873	2444.914
2571.036	2448.629
2570.122	2452.239
2569.127	2455.735
2568.049	2459.106
2566.881	2462.344
2565.622	2465.439
2564.266	2468.382
2562.810	2471.162
2561.250	2473.771
2559.581	2476.199
2557.800	2478.436
2555.903	2480.474
2553.886	2482.302
2551.746	2483.911
2549.477	2485.291
2547.086	2486.436
2544.602	2487.340
2542.052	2488.000
2539.469	2488.415
2536.881	2488.578
2534.319	2488.488
2531.812	2488.140
2529.392	2487.532
2527.086	2486.659
2524.926	2485.519
2522.942	2484.107
2521.163	2482.422
2519.619	2480.458
2518.326	2478.219
2517.267	2475.722
2516.425	2472.983
2515.782	2470.020
2515.321	2466.850
2515.023	2463.490
2514.871	2459.958
2514.846	2456.270
2514.931	2452.444
2515.108	2448.498
2515.359	2444.447
2515.666	2440.311
2516.010	2436.105
2516.375	2431.848
2516.743	2427.556
2517.094	2423.247
2517.413	2418.937
2517.679	2414.645
2517.877	2410.387
2517.987	2406.181
2517.993	2402.042
2517.889	2397.977
2517.672	2393.981
2517.343	2390.056
2516.900	2386.199
2516.342	2382.408
2515.669	2378.682
2514.878	2375.019
2513.970	2371.418
2512.944	2367.876
2511.797	2364.394
2510.531	2360.968
2509.142	2357.598
2507.631	2354.281
2505.996	2351.017
2504.237	2347.804
2502.352	2344.639
2500.341	2341.522
2498.202	2338.451
2495.935	2335.425
2493.539	2332.441
2491.013	2329.500
2488.365	2326.608
2485.598	2323.768
2482.719	2320.987
2479.733	2318.270
2476.647	2315.622
2473.464	2313.049
2470.192	2310.555
2466.836	2308.147
2463.401	2305.829
2459.892	2303.607
2456.317	2301.486
2452.679	2299.472
2448.985	2297.569
2445.241	2295.784
2441.451	2294.121
2437.623	2292.586
2433.760	2291.185
2429.869	2289.921
2425.956	2288.802
2422.025	2287.831
2418.083	2287.016
2414.135	2286.357
2410.181	2285.847
2406.222	2285.474
2402.258	2285.226
2398.291	2285.092
2394.319	2285.060
2390.344	2285.119
2386.365	2285.257
2382.384	2285.463
2378.399	2285.724
2374.413	2286.030
2370.425	2286.368
2366.435	2286.728
2362.444	2287.097
2358.452	2287.464
2354.459	2287.817
2350.467	2288.146
2346.474	2288.437
2342.482	2288.680
2338.491	2288.863
2334.501	2288.975
2330.513	2289.003
2326.527	2288.939
2322.548	2288.793
2318.584	2288.579
2314.640	2288.311
2310.722	2288.006
2306.839	2287.678
2302.995	2287.343
2299.197	2287.015
2295.452	2286.710
2291.766	2286.442
2288.146	2286.228
2284.597	2286.081
2281.127	2286.017
2277.742	2286.051
2274.449	2286.198
2271.253	2286.474
2268.162	2286.893
2265.182	2287.470
2262.319	2288.221
2259.579	2289.160
2256.964	2290.295
2254.461	2291.610
2252.054	2293.086
2249.728	2294.705
2247.468	2296.449
2245.259	2298.298
2243.086	2300.236
2240.933	2302.242
2238.785	2304.299
2236.627	2306.388
2234.445	2308.491
2232.222	2310.588
2229.943	2312.663
2227.594	2314.696
2225.159	2316.668
2222.623	2318.561
2219.973	2320.358
2217.212	2322.045
2214.353	2323.613
2211.409	2325.052
2208.391	2326.352
2205.312	2327.502
2202.184	2328.493
2199.021	2329.314
2195.833	2329.956
2192.634	2330.409
2189.435	2330.663
2186.250	2330.707
2183.089	2330.532
2179.967	2330.128
2176.896	2329.484
2173.886	2328.592
2170.952	2327.439
2168.104	2326.020
2165.348	2324.334
2162.684	2322.395
2160.112	2320.211
2157.633	2317.796
2155.248	2315.159
2152.957	2312.312
2150.759	2309.265
2148.657	2306.030
2146.649	2302.617
2144.737	2299.037
2142.921	2295.302
2141.201	2291.421
2139.578	2287.407
2138.052	2283.271
2136.624	2279.021
2135.294	2274.672
2134.063	2270.232
2132.930	2265.713
2131.897	2261.126
2130.963	2256.481
2130.130	2251.791
2129.396	2247.065
2128.751	2242.318
2128.181	2237.562
2127.672	2232.812
2127.210	2228.082
2126.781	2223.385
2126.372	2218.735
2125.967	2214.146
2125.553	2209.632
2125.116	2205.206
2124.642	2200.883
2124.117	2196.676
2123.527	2192.600
2122.858	2188.667
2122.096	2184.892
2121.227	2181.288
2120.237	2177.870
2119.112	2174.651
2117.837	2171.645
2116.399	2168.865
2114.785	2166.327
2112.979	2164.042
2110.969	2162.026
2108.754	2160.273
2106.349	2158.765
2103.768	2157.479
2101.024	2156.395
2098.133	2155.491
2095.109	2154.748
2091.967	2154.144
2088.720	2153.658
2085.383	2153.269
2081.970	2152.956
2078.496	2152.699
2074.975	2152.476
2071.421	2152.266
2067.850	2152.048
2064.274	2151.802
2060.709	2151.507
2057.169	2151.141
2053.668	2150.685
2050.214	2150.127
2046.811	2149.465
2043.463	2148.694
2040.176	2147.810
2036.953	2146.809
2033.799	2145.688
2030.718	2144.441
2027.715	2143.066
2024.794	2141.559
2021.958	2139.915
2019.214	2138.130
2016.564	2136.201
2014.014	2134.123
2011.567	2131.893
2009.228	2129.507
2007.002	2126.960
2004.892	2124.249
2002.904	2121.370
2001.036	2118.326
1999.287	2115.125
1997.652	2111.774
1996.129	2108.283
1994.713	2104.658
1993.403	2100.909
1992.194	2097.043
1991.083	2093.069
1990.068	2088.994
1989.144	2084.827
1988.309	2080.576
1987.559	2076.249
1986.891	2071.854
1986.302	2067.400
1985.788	2062.894
1985.346	2058.344
1984.973	2053.759
1984.665	2049.146
1984.420	2044.515
1984.234	2039.873
1984.104	2035.228
1984.026	2030.588
1983.998	2025.962
1984.016	2021.354
1984.080	2016.761
1984.189	2012.181
1984.343	2007.610
1984.541	2003.044
1984.782	1998.481
1985.066	1993.917
1985.392	1989.349
1985.759	1984.774
1986.167	1980.187
1986.615	1975.586
1987.102	1970.968
1987.628	1966.329
1988.192	1961.666
1988.794	1956.975
1989.432	1952.253
1990.106	1947.497
1990.816	1942.704
1991.561	1937.870
1992.340	1932.992
1993.153	1928.067
1993.998	1923.090
1994.876	1918.060
1995.786	1912.972
1996.726	1907.824
1997.696	1902.611
1998.697	1897.332
1999.724	1891.987
2000.777	1886.578
2001.851	1881.110
2002.944	1875.586
2004.054	1870.008
2005.177	1864.380
2006.312	1858.706
2007.454	1852.988
2008.601	1847.229
2009.750	1841.434
2010.900	1835.605
2012.046	1829.745
2013.186	1823.858
2014.317	1817.946
2015.437	1812.014
2016.542	1806.063
2017.630	1800.099
2018.698	1794.123
2019.744	1788.139
2020.764	1782.150
2021.755	1776.160
2022.716	1770.171
2023.642	1764.188
2024.532	1758.212
2025.382	1752.248
2026.190	1746.298
2026.953	1740.366
2027.668	1734.455
2028.332	1728.568
2028.943	1722.708
2029.498	1716.880
2029.993	1711.085
2030.428	1705.327
2030.802	1699.605
2031.120	1693.918
2031.381	1688.265
2031.590	1682.646
2031.748	1677.059
2031.857	1671.503
2031.919	1665.978
2031.937	1660.482
2031.913	1655.014
2031.848	1649.574
2031.746	1644.160
2031.608	1638.772
2031.437	1633.408
2031.234	1628.067
2031.002	1622.749
2030.744	1617.453
2030.460	1612.177
2030.155	1606.920
2029.828	1601.683
2029.484	1596.462
2029.124	1591.259
2028.749	1586.070
2028.364	1580.897
2027.969	1575.737
2027.566	1570.590
2027.159	1565.454
2026.749	1560.330
2026.338	1555.215
2025.929	1550.108
2025.522	1545.010
2025.115	1539.920
2024.706	1534.837
2024.292	1529.762
2023.869	1524.696
2023.437	1519.636
2022.990	1514.585
2022.528	1509.542
2022.048	1504.506
2021.546	1499.478
2021.019	1494.457
2020.467	1489.444
2019.884	1484.439
2019.270	1479.441
2018.621	1474.451
2017.934	1469.468
2017.207	1464.493
2016.438	1459.525
2015.622	1454.565
2014.759	1449.612
2013.844	1444.667
2012.876	1439.729
2011.851	1434.798
2010.768	1429.874
2009.623	1424.958
2008.413	1420.049
2007.136	1415.147
2005.790	1410.253
2004.372	1405.366
2002.888	1400.492
2001.340	1395.635
1999.733	1390.798
1998.071	1385.987
1996.358	1381.206
1994.598	1376.458
1992.796	1371.749
1990.955	1367.083
1989.079	1362.464
1987.174	1357.896
1985.242	1353.385
1983.287	1348.933
1981.315	1344.547
1979.329	1340.229
1977.333	1335.985
1975.331	1331.819
1973.328	1327.735
1971.327	1323.737
1969.333	1319.830
1967.350	1316.019
1965.381	1312.307
1963.432	1308.699
1961.505	1305.200
1959.606	1301.814
1957.737	1298.544
1955.906	1295.393
1954.117	1292.351
1952.381	1289.408
1950.704	1286.554
1949.094	1283.780
1947.559	1281.075
1946.107	1278.430
1944.746	1275.833
1943.483	1273.276
1942.327	1270.747
1941.285	1268.237
1940.365	1265.737
1939.574	1263.235
1938.922	1260.722
1938.415	1258.187
1938.061	1255.622
1937.867	1253.016
1937.828	1250.366
1937.932	1247.675
1938.169	1244.943
1938.527	1242.172
1938.995	1239.361
1939.562	1236.512
1940.218	1233.627
1940.950	1230.706
1941.748	1227.750
1942.601	1224.760
1943.497	1221.738
1944.426	1218.684
1945.377	1215.599
1946.337	1212.485
1947.297	1209.343
1948.245	1206.173
1949.173	1202.975
1950.078	1199.751
1950.958	1196.498
1951.811	1193.217
1952.636	1189.907
1953.429	1186.567
1954.189	1183.198
1954.913	1179.797
1955.600	1176.366
1956.248	1172.902
1956.854	1169.407
1957.416	1165.878
1957.932	1162.317
1958.400	1158.721
1958.819	1155.091
1959.185	1151.426
1959.497	1147.726
1959.752	1143.990
1959.949	1140.217
1960.087	1136.408
1960.178	1132.575
1960.242	1128.738
1960.300	1124.916
1960.373	1121.129
1960.481	1117.397
1960.644	1113.739
1960.884	1110.174
1961.220	1106.723
1961.674	1103.405
1962.266	1100.240
1963.016	1097.246
1963.946	1094.444
1965.075	1091.854
1966.424	1089.495
1968.015	1087.387
1969.866	1085.548
1972.000	1084.000
