X	Y
1976.000	956.000
1977.399	953.147
1979.036	950.272
1980.900	947.376
1982.977	944.462
1985.254	941.531
1987.720	938.587
1990.362	935.632
1993.166	932.668
1996.121	929.697
1999.214	926.722
2002.431	923.745
2005.761	920.768
2009.192	917.794
2012.709	914.825
2016.301	911.864
2019.955	908.913
2023.659	905.973
2027.400	903.048
2031.164	900.141
2034.941	897.252
2038.716	894.384
2042.478	891.541
2046.214	888.724
2049.910	885.935
2053.556	883.177
2057.137	880.452
2060.642	877.763
2064.057	875.112
2067.371	872.501
2070.572	869.932
2073.662	867.405
2076.651	864.916
2079.545	862.465
2082.354	860.048
2085.084	857.664
2087.746	855.310
2090.345	852.984
2092.892	850.684
2095.394	848.408
2097.858	846.153
2100.294	843.918
2102.709	841.700
2105.112	839.496
2107.510	837.306
2109.912	835.126
2112.326	832.955
2114.761	830.789
2117.224	828.628
2119.723	826.469
2122.267	824.309
2124.863	822.146
2127.521	819.979
2130.247	817.805
2133.050	815.622
2135.928	813.430
2138.882	811.229
2141.911	809.019
2145.015	806.799
2148.194	804.570
2151.447	802.332
2154.773	800.085
2158.173	797.828
2161.646	795.561
2165.191	793.285
2168.809	790.999
2172.498	788.703
2176.259	786.397
2180.091	784.082
2183.993	781.756
2187.965	779.421
2192.008	777.075
2196.120	774.719
2200.300	772.353
2204.550	769.977
2208.867	767.590
2213.253	765.193
2217.706	762.785
2222.226	760.367
2226.812	757.938
2231.465	755.499
2236.184	753.048
2240.968	750.587
2245.818	748.115
2250.732	745.632
2255.710	743.138
2260.750	740.633
2265.850	738.119
2271.009	735.595
2276.224	733.062
2281.493	730.521
2286.816	727.973
2292.188	725.417
2297.610	722.854
2303.078	720.285
2308.592	717.711
2314.148	715.131
2319.745	712.546
2325.382	709.958
2331.055	707.366
2336.764	704.771
2342.507	702.173
2348.281	699.573
2354.084	696.972
2359.916	694.370
2365.772	691.768
2371.653	689.165
2377.556	686.564
2383.479	683.963
2389.419	681.364
2395.376	678.768
2401.347	676.174
2407.330	673.583
2413.324	670.996
2419.326	668.414
2425.335	665.836
2431.349	663.264
2437.365	660.698
2443.382	658.138
2449.398	655.585
2455.411	653.040
2461.419	650.502
2467.420	647.974
2473.413	645.454
2479.394	642.944
2485.363	640.444
2491.318	637.954
2497.256	635.476
2503.177	633.010
2509.079	630.555
2514.964	628.112
2520.831	625.681
2526.681	623.263
2532.513	620.857
2538.329	618.464
2544.127	616.084
2549.908	613.716
2555.672	611.362
2561.419	609.021
2567.149	606.693
2572.864	604.379
2578.561	602.079
2584.242	599.793
2589.907	597.521
2595.555	595.263
2601.188	593.020
2606.805	590.792
2612.406	588.578
2617.991	586.379
2623.560	584.195
2629.114	582.027
2634.653	579.874
2640.176	577.737
2645.684	575.615
2651.177	573.510
2656.656	571.420
2662.119	569.347
2667.568	567.291
2673.002	565.251
2678.421	563.227
2683.826	561.221
2689.217	559.232
2694.594	557.260
2699.957	555.306
2705.305	553.370
2710.640	551.451
2715.961	549.550
2721.268	547.667
2726.562	545.803
2731.843	543.956
2737.111	542.128
2742.367	540.318
2747.612	538.524
2752.847	536.748
2758.072	534.988
2763.287	533.243
2768.495	531.514
2773.694	529.800
2778.887	528.101
2784.074	526.416
2789.256	524.745
2794.432	523.087
2799.605	521.443
2804.774	519.811
2809.941	518.191
2815.106	516.582
2820.270	514.985
2825.433	513.399
2830.597	511.824
2835.762	510.258
2840.928	508.703
2846.097	507.156
2851.269	505.618
2856.445	504.089
2861.626	502.568
2866.812	501.054
2872.004	499.548
2877.203	498.048
2882.409	496.554
2887.624	495.067
2892.847	493.585
2898.080	492.108
2903.323	490.635
2908.578	489.167
2913.844	487.703
2919.123	486.242
2924.415	484.784
2929.719	483.330
2935.036	481.880
2940.363	480.435
2945.700	478.996
2951.047	477.564
2956.401	476.139
2961.764	474.722
2967.133	473.314
2972.508	471.915
2977.888	470.527
2983.271	469.150
2988.659	467.784
2994.048	466.431
2999.439	465.092
3004.831	463.767
3010.222	462.456
3015.613	461.161
3021.001	459.883
3026.387	458.622
3031.770	457.378
3037.147	456.153
3042.520	454.948
3047.886	453.762
3053.246	452.598
3058.597	451.455
3063.940	450.335
3069.273	449.237
3074.596	448.164
3079.907	447.115
3085.207	446.092
3090.493	445.095
3095.765	444.124
3101.023	443.182
3106.265	442.268
3111.491	441.383
3116.699	440.527
3121.890	439.703
3127.062	438.910
3132.215	438.148
3137.350	437.417
3142.466	436.717
3147.564	436.048
3152.644	435.411
3157.706	434.804
3162.750	434.229
3167.776	433.685
3172.784	433.172
3177.774	432.690
3182.747	432.239
3187.702	431.820
3192.639	431.431
3197.560	431.074
3202.462	430.748
3207.348	430.453
3212.217	430.189
3217.068	429.956
3221.903	429.755
3226.721	429.584
3231.522	429.445
3236.306	429.336
3241.074	429.259
3245.825	429.213
3250.560	429.198
3255.278	429.214
3259.980	429.261
3264.667	429.340
3269.337	429.449
3273.991	429.590
3278.629	429.761
3283.251	429.964
3287.858	430.198
3292.450	430.463
3297.026	430.758
3301.588	431.083
3306.136	431.439
3310.670	431.824
3315.191	432.238
3319.699	432.681
3324.194	433.153
3328.677	433.653
3333.149	434.182
3337.609	434.738
3342.058	435.322
3346.497	435.933
3350.926	436.570
3355.345	437.235
3359.754	437.925
3364.155	438.642
3368.548	439.384
3372.932	440.151
3377.309	440.944
3381.678	441.761
3386.040	442.603
3390.396	443.468
3394.746	444.358
3399.091	445.271
3403.430	446.207
3407.764	447.166
3412.094	448.148
3416.419	449.152
3420.742	450.178
3425.060	451.225
3429.374	452.295
3433.682	453.386
3437.984	454.498
3442.278	455.632
3446.563	456.788
3450.838	457.965
3455.103	459.164
3459.355	460.384
3463.595	461.625
3467.820	462.888
3472.030	464.172
3476.224	465.477
3480.400	466.804
3484.558	468.152
3488.697	469.521
3492.815	470.911
3496.912	472.322
3500.986	473.755
3505.036	475.208
3509.062	476.682
3513.062	478.178
3517.035	479.694
3520.980	481.231
3524.896	482.789
3528.782	484.368
3532.637	485.968
3536.459	487.588
3540.249	489.229
3544.004	490.891
3547.723	492.574
3551.402	494.279
3555.041	496.007
3558.635	497.758
3562.182	499.534
3565.680	501.334
3569.125	503.161
3572.516	505.015
3575.850	506.896
3579.123	508.806
3582.333	510.746
3585.478	512.715
3588.554	514.716
3591.560	516.748
3594.493	518.813
3597.349	520.911
3600.127	523.043
3602.823	525.211
3605.435	527.415
3607.960	529.655
3610.396	531.933
3612.740	534.249
3614.990	536.605
3617.142	539.000
3619.193	541.436
3621.144	543.913
3622.992	546.427
3624.737	548.978
3626.378	551.564
3627.915	554.182
3629.346	556.832
3630.671	559.510
3631.889	562.216
3633.000	564.947
3634.002	567.701
3634.895	570.477
3635.678	573.274
3636.351	576.088
3636.912	578.918
3637.361	581.763
3637.697	584.620
3637.920	587.487
3638.028	590.364
3638.021	593.248
3637.898	596.136
3637.664	599.027
3637.325	601.915
3636.886	604.798
3636.355	607.671
3635.737	610.530
3635.039	613.372
3634.266	616.193
3633.426	618.989
3632.524	621.757
3631.566	624.491
3630.559	627.190
3629.509	629.848
3628.422	632.462
3627.304	635.028
3626.162	637.542
3625.002	640.001
3623.830	642.400
3622.652	644.736
3621.474	647.006
3620.302	649.209
3619.137	651.351
3617.982	653.439
3616.840	655.478
3615.713	657.474
3614.604	659.433
3613.515	661.361
3612.449	663.263
3611.408	665.147
3610.396	667.017
3609.414	668.879
3608.464	670.740
3607.551	672.605
3606.675	674.480
3605.840	676.371
3605.043	678.282
3604.270	680.208
3603.506	682.144
3602.734	684.087
3601.940	686.032
3601.108	687.974
3600.222	689.909
3599.267	691.832
3598.228	693.739
3597.087	695.624
3595.831	697.485
3594.444	699.315
3592.909	701.111
3591.212	702.868
3589.337	704.581
3587.283	706.251
3585.066	707.882
3582.708	709.482
3580.227	711.057
3577.643	712.613
3574.977	714.156
3572.247	715.693
3569.474	717.230
3566.677	718.774
3563.876	720.330
3561.091	721.906
3558.342	723.508
3555.648	725.142
3553.029	726.814
3550.504	728.530
3548.094	730.298
3545.819	732.123
3543.697	734.013
3541.749	735.972
3539.994	738.008
3538.445	740.124
3537.084	742.313
3535.887	744.566
3534.829	746.873
3533.885	749.223
3533.031	751.608
3532.242	754.018
3531.494	756.443
3530.762	758.873
3530.021	761.298
3529.246	763.710
3528.414	766.098
3527.498	768.452
3526.476	770.763
3525.321	773.021
3524.010	775.216
3522.518	777.340
3520.823	779.382
3518.929	781.344
3516.858	783.234
3514.634	785.060
3512.277	786.829
3509.810	788.550
3507.256	790.229
3504.636	791.874
3501.973	793.494
3499.289	795.095
3496.605	796.686
3493.945	798.275
3491.330	799.868
3488.782	801.474
3486.325	803.101
3483.979	804.755
3481.767	806.446
3479.711	808.180
3477.834	809.966
3476.157	811.810
3474.698	813.720
3473.442	815.691
3472.365	817.719
3471.444	819.797
3470.655	821.918
3469.973	824.078
3469.375	826.269
3468.837	828.486
3468.334	830.723
3467.844	832.973
3467.341	835.231
3466.803	837.491
3466.205	839.746
3465.522	841.991
3464.732	844.219
3463.810	846.425
3462.742	848.603
3461.532	850.752
3460.190	852.871
3458.724	854.958
3457.142	857.012
3455.452	859.031
3453.664	861.014
3451.785	862.961
3449.824	864.868
3447.789	866.736
3445.689	868.563
3443.532	870.347
3441.327	872.088
3439.082	873.783
3436.805	875.431
3434.504	877.032
3432.190	878.583
3429.869	880.084
3427.550	881.535
3425.244	882.946
3422.962	884.330
3420.715	885.698
3418.513	887.060
3416.367	888.430
3414.289	889.819
3412.287	891.238
3410.375	892.698
3408.561	894.213
3406.857	895.793
3405.275	897.449
3403.824	899.195
3402.515	901.040
3401.359	902.998
3400.368	905.079
3399.550	907.294
3398.898	909.641
3398.390	912.103
3398.003	914.666
3397.716	917.314
3397.506	920.032
3397.349	922.804
3397.225	925.615
3397.110	928.450
3396.983	931.293
3396.820	934.130
3396.600	936.944
3396.299	939.720
3395.896	942.443
3395.369	945.097
3394.694	947.667
3393.849	950.138
3392.812	952.495
3391.561	954.722
3390.087	956.813
3388.404	958.779
3386.525	960.630
3384.467	962.378
3382.243	964.034
3379.869	965.609
3377.359	967.113
3374.728	968.559
3371.991	969.957
3369.163	971.318
3366.259	972.654
3363.293	973.974
3360.280	975.292
3357.235	976.617
3354.174	977.961
3351.110	979.334
3348.058	980.749
3345.034	982.216
3342.052	983.745
3339.126	985.349
3336.273	987.038
3333.498	988.814
3330.806	990.671
3328.199	992.607
3325.679	994.616
3323.251	996.694
3320.917	998.836
3318.680	1001.038
3316.542	1003.295
3314.507	1005.603
3312.578	1007.957
3310.756	1010.352
3309.047	1012.785
3307.451	1015.250
3305.973	1017.744
3304.615	1020.260
3303.380	1022.796
3302.271	1025.347
3301.290	1027.907
3300.441	1030.472
3299.727	1033.039
3299.139	1035.599
3298.655	1038.141
3298.253	1040.654
3297.910	1043.128
3297.603	1045.550
3297.310	1047.909
3297.007	1050.195
3296.672	1052.395
3296.282	1054.500
3295.814	1056.496
3295.247	1058.375
3294.556	1060.123
3293.719	1061.729
3292.714	1063.184
3291.518	1064.475
3290.123	1065.604
3288.542	1066.593
3286.790	1067.462
3284.879	1068.233
3282.824	1068.928
3280.639	1069.567
3278.337	1070.172
3275.934	1070.766
3273.442	1071.368
3270.877	1072.000
3268.251	1072.685
3265.579	1073.443
3262.875	1074.297
3260.152	1075.266
3257.425	1076.373
3254.708	1077.640
3252.014	1079.084
3249.354	1080.705
3246.734	1082.488
3244.165	1084.419
3241.653	1086.486
3239.206	1088.673
3236.833	1090.968
3234.543	1093.356
3232.342	1095.823
3230.239	1098.357
3228.242	1100.942
3226.359	1103.566
3224.599	1106.215
3222.968	1108.874
3221.477	1111.530
3220.131	1114.169
3218.940	1116.778
3217.912	1119.343
3217.055	1121.849
3216.376	1124.283
3215.885	1126.632
3215.576	1128.889
3215.423	1131.061
3215.400	1133.158
3215.477	1135.187
3215.625	1137.159
3215.818	1139.080
3216.027	1140.961
3216.223	1142.811
3216.377	1144.636
3216.463	1146.448
3216.452	1148.254
3216.315	1150.062
3216.024	1151.883
3215.557	1153.723
3214.913	1155.585
3214.101	1157.469
3213.130	1159.375
3212.007	1161.303
3210.740	1163.255
3209.339	1165.230
3207.811	1167.229
3206.164	1169.253
3204.407	1171.301
3202.547	1173.374
3200.594	1175.472
3198.554	1177.596
3196.437	1179.747
3194.251	1181.924
3192.003	1184.128
3189.703	1186.359
3187.357	1188.618
3184.974	1190.905
3182.560	1193.218
3180.118	1195.557
3177.656	1197.920
3175.177	1200.306
3172.689	1202.715
3170.195	1205.144
3167.702	1207.594
3165.215	1210.062
3162.739	1212.548
3160.279	1215.050
3157.841	1217.568
3155.431	1220.101
3153.054	1222.646
3150.714	1225.204
3148.419	1227.773
3146.172	1230.352
3143.979	1232.939
3141.847	1235.534
3139.779	1238.136
3137.782	1240.743
3135.861	1243.355
3134.021	1245.970
3132.265	1248.586
3130.589	1251.201
3128.983	1253.810
3127.439	1256.410
3125.951	1258.996
3124.509	1261.565
3123.105	1264.112
3121.732	1266.634
3120.381	1269.128
3119.044	1271.588
3117.714	1274.011
3116.382	1276.394
3115.041	1278.731
3113.681	1281.021
3112.295	1283.257
3110.875	1285.437
3109.413	1287.557
3107.901	1289.613
3106.331	1291.600
3104.695	1293.516
3102.994	1295.365
3101.229	1297.153
3099.404	1298.888
3097.521	1300.575
3095.583	1302.221
3093.592	1303.835
3091.551	1305.421
3089.463	1306.987
3087.330	1308.540
3085.155	1310.087
3082.941	1311.634
3080.690	1313.188
3078.405	1314.756
3076.088	1316.344
3073.743	1317.960
3071.371	1319.611
3068.976	1321.302
3066.560	1323.041
3064.127	1324.829
3061.683	1326.665
3059.231	1328.548
3056.777	1330.476
3054.326	1332.447
3051.883	1334.461
3049.453	1336.515
3047.041	1338.607
3044.651	1340.738
3042.289	1342.904
3039.959	1345.104
3037.667	1347.337
3035.418	1349.602
3033.216	1351.896
3031.066	1354.219
3028.973	1356.568
3026.943	1358.943
3024.980	1361.341
3023.089	1363.761
3021.275	1366.202
3019.543	1368.662
3017.892	1371.137
3016.307	1373.619
3014.774	1376.100
3013.278	1378.569
3011.803	1381.019
3010.336	1383.441
3008.861	1385.826
3007.363	1388.166
3005.828	1390.451
3004.239	1392.673
3002.583	1394.823
3000.845	1396.892
2999.009	1398.872
2997.061	1400.754
2994.985	1402.529
2992.767	1404.188
2990.392	1405.723
2987.845	1407.124
2985.112	1408.384
2982.184	1409.498
2979.071	1410.470
2975.779	1411.305
2972.317	1412.007
2968.693	1412.581
2964.916	1413.031
2960.992	1413.363
2956.932	1413.581
2952.742	1413.688
2948.431	1413.691
2944.006	1413.593
2939.478	1413.400
2934.852	1413.115
2930.138	1412.743
2925.344	1412.290
2920.477	1411.759
2915.546	1411.155
2910.560	1410.482
2905.526	1409.747
2900.452	1408.952
2895.347	1408.102
2890.219	1407.203
2885.075	1406.258
2879.925	1405.273
2874.776	1404.251
2869.637	1403.198
2864.515	1402.119
2859.418	1401.017
2854.356	1399.897
2849.336	1398.764
2844.366	1397.623
2839.450	1396.475
2834.586	1395.321
2829.773	1394.159
2825.006	1392.987
2820.284	1391.806
2815.603	1390.613
2810.962	1389.408
2806.358	1388.190
2801.787	1386.957
2797.249	1385.708
2792.739	1384.442
2788.255	1383.159
2783.796	1381.857
2779.357	1380.535
2774.938	1379.191
2770.534	1377.826
2766.143	1376.437
2761.764	1375.023
2757.393	1373.584
2753.027	1372.119
2748.664	1370.626
2744.302	1369.104
2739.938	1367.552
2735.569	1365.969
2731.193	1364.354
2726.807	1362.706
2722.409	1361.023
2717.995	1359.305
2713.564	1357.551
2709.113	1355.759
2704.638	1353.928
2700.139	1352.058
2695.612	1350.147
2691.057	1348.197
2686.474	1346.210
2681.865	1344.187
2677.228	1342.129
2672.564	1340.040
2667.874	1337.920
2663.158	1335.772
2658.415	1333.597
2653.647	1331.396
2648.854	1329.172
2644.035	1326.926
2639.191	1324.661
2634.323	1322.377
2629.430	1320.077
2624.513	1317.762
2619.572	1315.435
2614.608	1313.096
2609.620	1310.748
2604.609	1308.392
2599.575	1306.030
2594.518	1303.664
2589.439	1301.296
2584.338	1298.927
2579.215	1296.559
2574.071	1294.194
2568.905	1291.834
2563.719	1289.480
2558.511	1287.135
2553.283	1284.799
2548.034	1282.475
2542.766	1280.164
2537.478	1277.869
2532.170	1275.590
2526.844	1273.330
2521.498	1271.090
2516.133	1268.873
2510.750	1266.680
2505.349	1264.510
2499.930	1262.364
2494.494	1260.241
2489.041	1258.139
2483.572	1256.058
2478.086	1253.998
2472.585	1251.957
2467.069	1249.934
2461.537	1247.929
2455.992	1245.942
2450.432	1243.970
2444.858	1242.014
2439.272	1240.073
2433.672	1238.145
2428.061	1236.230
2422.437	1234.328
2416.801	1232.438
2411.155	1230.557
2405.497	1228.687
2399.829	1226.826
2394.151	1224.973
2388.464	1223.128
2382.767	1221.289
2377.062	1219.457
2371.348	1217.629
2365.626	1215.806
2359.897	1213.986
2354.161	1212.169
2348.418	1210.354
2342.668	1208.541
2336.913	1206.727
2331.152	1204.913
2325.386	1203.098
2319.616	1201.281
2313.841	1199.461
2308.062	1197.638
2302.280	1195.810
2296.494	1193.977
2290.707	1192.138
2284.916	1190.293
2279.124	1188.440
2273.332	1186.580
2267.540	1184.716
2261.751	1182.849
2255.965	1180.980
2250.185	1179.112
2244.412	1177.245
2238.647	1175.382
2232.892	1173.523
2227.149	1171.671
2221.418	1169.827
2215.701	1167.993
2210.000	1166.170
2204.317	1164.361
2198.652	1162.565
2193.007	1160.786
2187.384	1159.025
2181.783	1157.283
2176.208	1155.562
2170.659	1153.864
2165.137	1152.190
2159.644	1150.542
2154.182	1148.921
2148.752	1147.329
2143.355	1145.768
2137.993	1144.239
2132.668	1142.744
2127.381	1141.284
2122.133	1139.862
2116.926	1138.478
2111.761	1137.134
2106.640	1135.833
2101.565	1134.574
2096.536	1133.361
2091.556	1132.195
2086.625	1131.077
2081.746	1130.009
2076.919	1128.992
2072.146	1128.029
2067.430	1127.119
2062.776	1126.254
2058.188	1125.427
2053.674	1124.626
2049.238	1123.845
2044.886	1123.073
2040.625	1122.300
2036.461	1121.519
2032.398	1120.720
2028.443	1119.893
2024.601	1119.030
2020.879	1118.121
2017.282	1117.157
2013.816	1116.130
2010.486	1115.029
2007.299	1113.846
2004.261	1112.571
2001.377	1111.196
1998.652	1109.711
1996.094	1108.107
1993.706	1106.375
1991.497	1104.506
1989.470	1102.490
1987.632	1100.319
1985.989	1097.983
1984.544	1095.477
1983.286	1092.808
1982.204	1089.987
1981.285	1087.025
1980.516	1083.934
1979.886	1080.723
1979.381	1077.404
1978.989	1073.989
1978.698	1070.487
1978.494	1066.910
1978.367	1063.269
1978.302	1059.575
1978.289	1055.839
1978.313	1052.071
1978.364	1048.283
1978.427	1044.485
1978.491	1040.690
1978.544	1036.906
1978.573	1033.147
1978.565	1029.421
1978.508	1025.741
1978.389	1022.118
1978.196	1018.562
1977.917	1015.084
1977.548	1011.690
1977.106	1008.375
1976.606	1005.134
1976.067	1001.962
1975.506	998.852
1974.938	995.800
1974.382	992.799
1973.855	989.845
1973.374	986.932
1972.956	984.053
1972.618	981.205
1972.376	978.381
1972.250	975.575
1972.254	972.783
1972.407	969.999
1972.726	967.217
1973.228	964.431
1973.929	961.637
1974.847	958.828
1976.000	956.000
