X	Y
1781.000	2554.000
1783.785	2551.683
1786.760	2549.559
1789.921	2547.623
1793.264	2545.868
1796.784	2544.288
1800.476	2542.877
1804.336	2541.629
1808.359	2540.539
1812.541	2539.600
1816.877	2538.806
1821.363	2538.151
1825.993	2537.630
1830.764	2537.235
1835.671	2536.962
1840.710	2536.803
1845.875	2536.754
1851.162	2536.808
1856.567	2536.959
1862.085	2537.201
1867.711	2537.528
1873.442	2537.934
1879.272	2538.414
1885.197	2538.959
1891.212	2539.567
1897.312	2540.229
1903.494	2540.940
1909.753	2541.694
1916.083	2542.485
1922.481	2543.307
1928.942	2544.153
1935.461	2545.019
1942.034	2545.897
1948.657	2546.783
1955.324	2547.669
1962.031	2548.550
1968.773	2549.420
1975.547	2550.273
1982.347	2551.103
1989.168	2551.903
1996.008	2552.668
2002.859	2553.392
2009.719	2554.069
2016.584	2554.694
2023.451	2555.269
2030.320	2555.796
2037.190	2556.278
2044.060	2556.717
2050.928	2557.114
2057.793	2557.473
2064.656	2557.796
2071.513	2558.085
2078.365	2558.342
2085.210	2558.569
2092.047	2558.770
2098.876	2558.945
2105.694	2559.098
2112.502	2559.230
2119.297	2559.345
2126.079	2559.444
2132.847	2559.529
2139.599	2559.604
2146.335	2559.669
2153.054	2559.728
2159.753	2559.783
2166.434	2559.836
2173.094	2559.889
2179.731	2559.945
2186.346	2560.006
2192.937	2560.074
2199.503	2560.152
2206.043	2560.241
2212.556	2560.345
2219.041	2560.465
2225.496	2560.604
2231.921	2560.763
2238.314	2560.946
2244.676	2561.155
2251.003	2561.391
2257.296	2561.658
2263.553	2561.957
2269.773	2562.291
2275.955	2562.662
2282.099	2563.073
2288.202	2563.524
2294.264	2564.020
2300.284	2564.562
2306.261	2565.153
2312.194	2565.795
2318.081	2566.489
2323.922	2567.239
2329.715	2568.047
2335.459	2568.915
2341.154	2569.844
2346.799	2570.836
2352.392	2571.889
2357.934	2573.002
2363.424	2574.176
2368.861	2575.409
2374.244	2576.701
2379.573	2578.050
2384.847	2579.458
2390.066	2580.922
2395.229	2582.442
2400.335	2584.018
2405.384	2585.649
2410.374	2587.334
2415.306	2589.073
2420.179	2590.864
2424.992	2592.708
2429.745	2594.604
2434.436	2596.551
2439.066	2598.549
2443.633	2600.596
2448.137	2602.692
2452.578	2604.837
2456.954	2607.030
2461.265	2609.271
2465.510	2611.557
2469.690	2613.890
2473.802	2616.269
2477.847	2618.692
2481.824	2621.159
2485.732	2623.669
2489.571	2626.223
2493.340	2628.818
2497.038	2631.455
2500.665	2634.133
2504.219	2636.852
2507.702	2639.610
2511.111	2642.406
2514.446	2645.242
2517.708	2648.115
2520.899	2651.025
2524.021	2653.972
2527.077	2656.955
2530.068	2659.973
2532.997	2663.026
2535.865	2666.114
2538.676	2669.235
2541.431	2672.389
2544.132	2675.576
2546.781	2678.795
2549.382	2682.045
2551.936	2685.326
2554.444	2688.637
2556.910	2691.978
2559.335	2695.348
2561.722	2698.747
2564.073	2702.173
2566.390	2705.627
2568.675	2709.107
2570.931	2712.614
2573.159	2716.146
2575.362	2719.703
2577.542	2723.285
2579.700	2726.890
2581.841	2730.519
2583.964	2734.170
2586.074	2737.844
2588.171	2741.539
2590.258	2745.255
2592.338	2748.992
2594.412	2752.748
2596.480	2756.523
2598.541	2760.316
2600.590	2764.125
2602.625	2767.948
2604.640	2771.785
2606.633	2775.633
2608.601	2779.491
2610.539	2783.357
2612.444	2787.231
2614.314	2791.111
2616.143	2794.994
2617.929	2798.880
2619.669	2802.768
2621.358	2806.655
2622.993	2810.540
2624.571	2814.421
2626.087	2818.298
2627.540	2822.169
2628.924	2826.031
2630.237	2829.885
2631.475	2833.728
2632.634	2837.558
2633.711	2841.374
2634.703	2845.176
2635.605	2848.960
2636.416	2852.726
2637.129	2856.472
2637.743	2860.198
2638.254	2863.900
2638.658	2867.578
2638.952	2871.230
2639.133	2874.856
2639.203	2878.456
2639.167	2882.032
2639.031	2885.587
2638.798	2889.123
2638.474	2892.643
2638.064	2896.148
2637.573	2899.642
2637.004	2903.126
2636.364	2906.602
2635.657	2910.073
2634.889	2913.542
2634.063	2917.010
2633.185	2920.480
2632.259	2923.954
2631.292	2927.435
2630.286	2930.924
2629.248	2934.424
2628.181	2937.938
2627.092	2941.466
2625.985	2945.013
2624.864	2948.580
2623.735	2952.170
2622.603	2955.784
2621.471	2959.426
2620.346	2963.096
2619.232	2966.799
2618.135	2970.535
2617.057	2974.307
2616.000	2978.113
2614.962	2981.948
2613.944	2985.811
2612.943	2989.696
2611.960	2993.602
2610.992	2997.524
2610.040	3001.459
2609.103	3005.405
2608.178	3009.356
2607.266	3013.311
2606.366	3017.265
2605.477	3021.215
2604.597	3025.158
2603.727	3029.090
2602.864	3033.008
2602.009	3036.909
2601.160	3040.789
2600.316	3044.645
2599.477	3048.473
2598.641	3052.270
2597.808	3056.032
2596.977	3059.757
2596.146	3063.440
2595.316	3067.079
2594.484	3070.669
2593.651	3074.209
2592.815	3077.693
2591.976	3081.119
2591.131	3084.484
2590.283	3087.783
2589.437	3091.016
2588.601	3094.180
2587.787	3097.274
2587.001	3100.297
2586.255	3103.246
2585.556	3106.120
2584.914	3108.917
2584.338	3111.636
2583.837	3114.276
2583.420	3116.834
2583.097	3119.310
2582.876	3121.701
2582.768	3124.005
2582.779	3126.222
2582.921	3128.350
2583.201	3130.387
2583.630	3132.331
2584.216	3134.181
2584.968	3135.936
2585.893	3137.594
2586.981	3139.167
2588.221	3140.662
2589.600	3142.092
2591.106	3143.468
2592.726	3144.799
2594.447	3146.097
2596.258	3147.373
2598.145	3148.637
2600.097	3149.900
2602.101	3151.173
2604.145	3152.467
2606.215	3153.792
2608.301	3155.159
2610.388	3156.579
2612.466	3158.063
2614.521	3159.621
2616.541	3161.263
2618.512	3162.984
2620.421	3164.772
2622.253	3166.617
2623.996	3168.506
2625.634	3170.429
2627.154	3172.374
2628.543	3174.330
2629.786	3176.285
2630.869	3178.228
2631.779	3180.147
2632.502	3182.032
2633.023	3183.870
2633.330	3185.651
2633.408	3187.362
2633.243	3188.993
2632.821	3190.533
2632.145	3191.970
2631.238	3193.299
2630.126	3194.512
2628.836	3195.602
2627.392	3196.561
2625.821	3197.383
2624.148	3198.060
2622.400	3198.585
2620.601	3198.951
2618.779	3199.151
2616.958	3199.178
2615.165	3199.024
2613.421	3198.685
2611.725	3198.171
2610.066	3197.497
2608.437	3196.678
2606.828	3195.727
2605.229	3194.661
2603.631	3193.493
2602.026	3192.239
2600.404	3190.913
2598.755	3189.530
2597.071	3188.105
2595.342	3186.652
2593.559	3185.186
2591.712	3183.722
2589.794	3182.275
2587.794	3180.859
2585.707	3179.487
2583.542	3178.166
2581.307	3176.903
2579.015	3175.703
2576.674	3174.572
2574.295	3173.516
2571.888	3172.542
2569.464	3171.654
2567.031	3170.860
2564.602	3170.166
2562.184	3169.576
2559.790	3169.098
2557.428	3168.737
2555.110	3168.500
2552.845	3168.392
2550.643	3168.419
2548.515	3168.587
2546.470	3168.903
2544.518	3169.371
2542.651	3169.990
2540.858	3170.752
2539.125	3171.651
2537.439	3172.682
2535.787	3173.838
2534.155	3175.114
2532.531	3176.502
2530.902	3177.996
2529.255	3179.591
2527.575	3181.280
2525.851	3183.058
2524.069	3184.916
2522.216	3186.851
2520.280	3188.854
2518.246	3190.921
2516.102	3193.045
2513.834	3195.220
2511.432	3197.439
2508.898	3199.700
2506.249	3202.001
2503.499	3204.340
2500.663	3206.718
2497.757	3209.131
2494.796	3211.579
2491.795	3214.060
2488.770	3216.574
2485.736	3219.118
2482.707	3221.692
2479.700	3224.293
2476.729	3226.922
2473.809	3229.576
2470.957	3232.254
2468.186	3234.955
2465.513	3237.677
2462.953	3240.418
2460.520	3243.179
2458.230	3245.958
2456.099	3248.751
2454.141	3251.560
2452.372	3254.383
2450.806	3257.217
2449.460	3260.062
2448.348	3262.916
2447.487	3265.778
2446.889	3268.646
2446.559	3271.518
2446.468	3274.385
2446.587	3277.237
2446.887	3280.067
2447.337	3282.865
2447.907	3285.622
2448.568	3288.329
2449.289	3290.978
2450.041	3293.560
2450.793	3296.066
2451.516	3298.487
2452.179	3300.814
2452.754	3303.039
2453.209	3305.152
2453.516	3307.145
2453.643	3309.008
2453.562	3310.734
2453.241	3312.312
2452.654	3313.735
2451.799	3315.000
2450.705	3316.109
2449.400	3317.064
2447.912	3317.868
2446.270	3318.524
2444.501	3319.034
2442.635	3319.401
2440.698	3319.627
2438.720	3319.716
2436.729	3319.668
2434.754	3319.487
2432.822	3319.176
2430.960	3318.737
2429.176	3318.180
2427.457	3317.519
2425.792	3316.769
2424.168	3315.944
2422.575	3315.061
2421.000	3314.132
2419.432	3313.173
2417.858	3312.199
2416.267	3311.225
2414.647	3310.265
2412.986	3309.333
2411.272	3308.446
2409.493	3307.617
2407.638	3306.862
2405.700	3306.190
2403.682	3305.602
2401.592	3305.099
2399.434	3304.678
2397.215	3304.340
2394.941	3304.083
2392.617	3303.908
2390.250	3303.814
2387.844	3303.799
2385.408	3303.863
2382.945	3304.006
2380.462	3304.226
2377.966	3304.524
2375.461	3304.898
2372.955	3305.349
2370.452	3305.874
2367.958	3306.474
2365.480	3307.148
2363.021	3307.894
2360.578	3308.707
2358.147	3309.584
2355.725	3310.519
2353.307	3311.508
2350.891	3312.546
2348.472	3313.629
2346.048	3314.751
2343.614	3315.909
2341.167	3317.098
2338.703	3318.312
2336.218	3319.547
2333.709	3320.800
2331.173	3322.063
2328.606	3323.335
2326.003	3324.609
2323.362	3325.881
2320.679	3327.147
2317.950	3328.401
2315.171	3329.639
2312.339	3330.857
2309.452	3332.050
2306.510	3333.217
2303.519	3334.358
2300.480	3335.471
2297.400	3336.557
2294.280	3337.615
2291.125	3338.644
2287.938	3339.644
2284.724	3340.615
2281.486	3341.557
2278.227	3342.468
2274.952	3343.348
2271.664	3344.198
2268.367	3345.015
2265.064	3345.801
2261.760	3346.554
2258.458	3347.274
2255.161	3347.961
2251.874	3348.614
2248.600	3349.232
2245.343	3349.816
2242.107	3350.365
2238.896	3350.877
2235.712	3351.354
2232.560	3351.794
2229.444	3352.197
2226.363	3352.561
2223.313	3352.882
2220.291	3353.156
2217.292	3353.381
2214.312	3353.551
2211.349	3353.664
2208.396	3353.716
2205.451	3353.702
2202.510	3353.620
2199.567	3353.466
2196.621	3353.236
2193.665	3352.926
2190.697	3352.532
2187.713	3352.052
2184.708	3351.480
2181.678	3350.815
2178.620	3350.051
2175.529	3349.185
2172.402	3348.214
2169.234	3347.134
2166.021	3345.940
2162.760	3344.630
2159.447	3343.200
2156.077	3341.647
2152.652	3339.971
2149.173	3338.174
2145.642	3336.259
2142.060	3334.229
2138.429	3332.084
2134.752	3329.827
2131.029	3327.461
2127.262	3324.987
2123.454	3322.408
2119.606	3319.726
2115.719	3316.943
2111.796	3314.062
2107.837	3311.083
2103.846	3308.010
2099.823	3304.845
2095.770	3301.590
2091.688	3298.247
2087.581	3294.817
2083.449	3291.305
2079.294	3287.710
2075.118	3284.037
2070.923	3280.286
2066.709	3276.460
2062.480	3272.562
2058.237	3268.593
2053.980	3264.555
2049.714	3260.451
2045.438	3256.283
2041.154	3252.052
2036.865	3247.762
2032.572	3243.414
2028.276	3239.011
2023.980	3234.554
2019.686	3230.046
2015.394	3225.489
2011.107	3220.885
2006.826	3216.237
2002.554	3211.546
1998.291	3206.814
1994.040	3202.045
1989.801	3197.239
1985.577	3192.398
1981.367	3187.525
1977.172	3182.621
1972.991	3177.687
1968.827	3172.725
1964.679	3167.736
1960.548	3162.723
1956.434	3157.686
1952.338	3152.628
1948.260	3147.549
1944.200	3142.453
1940.161	3137.339
1936.140	3132.210
1932.141	3127.068
1928.161	3121.913
1924.203	3116.749
1920.267	3111.575
1916.354	3106.394
1912.463	3101.207
1908.595	3096.017
1904.751	3090.824
1900.931	3085.630
1897.136	3080.437
1893.366	3075.246
1889.622	3070.060
1885.905	3064.879
1882.214	3059.705
1878.550	3054.540
1874.914	3049.385
1871.306	3044.243
1867.727	3039.114
1864.178	3034.000
1860.658	3028.903
1857.168	3023.824
1853.709	3018.766
1850.282	3013.729
1846.886	3008.715
1843.522	3003.726
1840.191	2998.764
1836.894	2993.829
1833.630	2988.924
1830.400	2984.051
1827.205	2979.210
1824.045	2974.404
1820.922	2969.633
1817.834	2964.901
1814.783	2960.207
1811.770	2955.554
1808.795	2950.942
1805.861	2946.370
1802.970	2941.837
1800.123	2937.342
1797.323	2932.884
1794.572	2928.463
1791.871	2924.078
1789.222	2919.727
1786.629	2915.411
1784.091	2911.128
1781.612	2906.877
1779.193	2902.658
1776.836	2898.470
1774.543	2894.312
1772.317	2890.183
1770.158	2886.082
1768.070	2882.009
1766.053	2877.962
1764.111	2873.942
1762.244	2869.947
1760.455	2865.976
1758.746	2862.028
1757.119	2858.103
1755.575	2854.200
1754.117	2850.318
1752.747	2846.456
1751.466	2842.613
1750.276	2838.789
1749.180	2834.982
1748.180	2831.193
1747.276	2827.420
1746.472	2823.662
1745.769	2819.918
1745.169	2816.188
1744.674	2812.470
1744.281	2808.764
1743.986	2805.065
1743.782	2801.372
1743.665	2797.682
1743.629	2793.991
1743.669	2790.298
1743.781	2786.599
1743.959	2782.893
1744.197	2779.175
1744.491	2775.444
1744.836	2771.697
1745.225	2767.932
1745.655	2764.145
1746.120	2760.333
1746.614	2756.495
1747.133	2752.627
1747.671	2748.728
1748.224	2744.793
1748.785	2740.821
1749.350	2736.808
1749.914	2732.752
1750.472	2728.651
1751.017	2724.502
1751.546	2720.302
1752.052	2716.048
1752.532	2711.738
1752.979	2707.368
1753.388	2702.937
1753.755	2698.442
1754.073	2693.879
1754.343	2689.251
1754.569	2684.563
1754.761	2679.824
1754.925	2675.042
1755.068	2670.226
1755.199	2665.383
1755.324	2660.521
1755.451	2655.648
1755.587	2650.773
1755.740	2645.903
1755.918	2641.047
1756.127	2636.213
1756.375	2631.409
1756.670	2626.642
1757.019	2621.921
1757.429	2617.254
1757.908	2612.650
1758.463	2608.115
1759.102	2603.659
1759.832	2599.289
1760.661	2595.013
1761.596	2590.839
1762.644	2586.776
1763.813	2582.832
1765.110	2579.014
1766.543	2575.331
1768.120	2571.791
1769.847	2568.402
1771.731	2565.171
1773.782	2562.108
1776.005	2559.219
1778.409	2556.514
1781.000	2554.000
