X	Y
1739.000	2470.000
1738.954	2466.296
1738.991	2462.458
1739.112	2458.495
1739.316	2454.413
1739.602	2450.220
1739.970	2445.924
1740.419	2441.533
1740.948	2437.055
1741.558	2432.496
1742.248	2427.865
1743.016	2423.170
1743.864	2418.418
1744.789	2413.616
1745.792	2408.773
1746.871	2403.896
1748.028	2398.993
1749.260	2394.071
1750.567	2389.138
1751.949	2384.202
1753.406	2379.271
1754.937	2374.352
1756.540	2369.452
1758.217	2364.580
1759.965	2359.743
1761.785	2354.949
1763.677	2350.206
1765.639	2345.521
1767.671	2340.902
1769.772	2336.356
1771.944	2331.886
1774.187	2327.489
1776.505	2323.159
1778.899	2318.892
1781.370	2314.683
1783.922	2310.528
1786.556	2306.422
1789.275	2302.360
1792.079	2298.338
1794.972	2294.351
1797.955	2290.395
1801.031	2286.465
1804.201	2282.556
1807.468	2278.663
1810.833	2274.783
1814.298	2270.910
1817.866	2267.040
1821.539	2263.168
1825.319	2259.289
1829.207	2255.400
1833.206	2251.494
1837.318	2247.569
1841.544	2243.618
1845.888	2239.638
1850.350	2235.624
1854.934	2231.571
1859.640	2227.474
1864.472	2223.330
1869.430	2219.132
1874.518	2214.878
1879.737	2210.561
1885.089	2206.178
1890.577	2201.724
1896.199	2197.196
1901.952	2192.598
1907.831	2187.931
1913.831	2183.198
1919.947	2178.402
1926.175	2173.546
1932.510	2168.632
1938.946	2163.662
1945.480	2158.641
1952.107	2153.569
1958.821	2148.451
1965.618	2143.288
1972.494	2138.083
1979.443	2132.838
1986.461	2127.558
1993.543	2122.243
2000.684	2116.898
2007.879	2111.523
2015.124	2106.123
2022.415	2100.700
2029.745	2095.256
2037.111	2089.794
2044.507	2084.317
2051.929	2078.828
2059.373	2073.328
2066.833	2067.822
2074.304	2062.310
2081.783	2056.797
2089.263	2051.284
2096.741	2045.775
2104.212	2040.272
2111.670	2034.777
2119.111	2029.294
2126.531	2023.825
2133.924	2018.372
2141.287	2012.939
2148.613	2007.528
2155.898	2002.141
2163.138	1996.782
2170.328	1991.452
2177.462	1986.156
2184.537	1980.894
2191.548	1975.671
2198.489	1970.488
2205.356	1965.348
2212.145	1960.254
2218.849	1955.209
2225.466	1950.215
2231.989	1945.275
2238.415	1940.391
2244.738	1935.566
2250.954	1930.804
2257.058	1926.106
2263.054	1921.473
2268.945	1916.906
2274.737	1912.406
2280.435	1907.973
2286.042	1903.607
2291.565	1899.310
2297.008	1895.081
2302.375	1890.922
2307.672	1886.833
2312.903	1882.814
2318.073	1878.867
2323.187	1874.990
2328.250	1871.187
2333.266	1867.455
2338.240	1863.798
2343.177	1860.214
2348.082	1856.704
2352.959	1853.269
2357.814	1849.910
2362.651	1846.627
2367.475	1843.421
2372.291	1840.291
2377.104	1837.240
2381.917	1834.267
2386.738	1831.373
2391.569	1828.558
2396.415	1825.823
2401.283	1823.169
2406.175	1820.596
2411.098	1818.105
2416.056	1815.696
2421.053	1813.369
2426.095	1811.126
2431.187	1808.968
2436.332	1806.893
2441.537	1804.904
2446.804	1803.000
2452.135	1801.182
2457.523	1799.450
2462.963	1797.802
2468.449	1796.240
2473.975	1794.763
2479.536	1793.370
2485.126	1792.061
2490.740	1790.836
2496.372	1789.695
2502.016	1788.637
2507.667	1787.663
2513.319	1786.772
2518.966	1785.963
2524.603	1785.237
2530.224	1784.593
2535.824	1784.031
2541.396	1783.551
2546.936	1783.152
2552.438	1782.835
2557.895	1782.598
2563.303	1782.442
2568.655	1782.367
2573.947	1782.372
2579.172	1782.457
2584.325	1782.621
2589.400	1782.865
2594.392	1783.188
2599.294	1783.590
2604.102	1784.071
2608.810	1784.630
2613.411	1785.268
2617.901	1785.983
2622.275	1786.777
2626.534	1787.650
2630.680	1788.606
2634.715	1789.646
2638.642	1790.772
2642.463	1791.988
2646.180	1793.296
2649.796	1794.696
2653.312	1796.193
2656.731	1797.788
2660.055	1799.483
2663.287	1801.281
2666.428	1803.185
2669.481	1805.195
2672.448	1807.315
2675.332	1809.547
2678.135	1811.893
2680.858	1814.356
2683.505	1816.937
2686.077	1819.639
2688.577	1822.465
2691.007	1825.416
2693.369	1828.495
2695.665	1831.703
2697.897	1835.037
2700.065	1838.495
2702.171	1842.073
2704.216	1845.768
2706.201	1849.577
2708.126	1853.498
2709.994	1857.527
2711.805	1861.661
2713.560	1865.898
2715.261	1870.234
2716.908	1874.667
2718.503	1879.193
2720.047	1883.809
2721.541	1888.513
2722.986	1893.301
2724.383	1898.170
2725.733	1903.118
2727.038	1908.141
2728.298	1913.236
2729.514	1918.401
2730.689	1923.632
2731.822	1928.926
2732.915	1934.281
2733.969	1939.693
2734.986	1945.160
2735.966	1950.678
2736.910	1956.245
2737.820	1961.856
2738.696	1967.511
2739.539	1973.208
2740.350	1978.947
2741.128	1984.728
2741.875	1990.553
2742.589	1996.421
2743.272	2002.333
2743.924	2008.289
2744.545	2014.289
2745.135	2020.334
2745.695	2026.424
2746.225	2032.559
2746.725	2038.740
2747.195	2044.967
2747.637	2051.240
2748.049	2057.560
2748.433	2063.927
2748.788	2070.341
2749.115	2076.803
2749.415	2083.313
2749.687	2089.871
2749.931	2096.478
2750.149	2103.134
2750.340	2109.839
2750.504	2116.594
2750.643	2123.399
2750.755	2130.254
2750.842	2137.160
2750.904	2144.116
2750.941	2151.124
2750.953	2158.184
2750.941	2165.295
2750.904	2172.459
2750.844	2179.676
2750.760	2186.945
2750.653	2194.268
2750.523	2201.644
2750.370	2209.074
2750.195	2216.558
2749.997	2224.097
2749.778	2231.690
2749.535	2239.331
2749.267	2247.015
2748.972	2254.735
2748.649	2262.485
2748.296	2270.260
2747.913	2278.051
2747.496	2285.855
2747.045	2293.664
2746.558	2301.471
2746.034	2309.272
2745.470	2317.060
2744.866	2324.828
2744.219	2332.571
2743.529	2340.282
2742.794	2347.955
2742.012	2355.584
2741.181	2363.162
2740.300	2370.685
2739.368	2378.144
2738.382	2385.534
2737.342	2392.850
2736.245	2400.084
2735.091	2407.231
2733.877	2414.284
2732.603	2421.238
2731.266	2428.085
2729.864	2434.821
2728.397	2441.438
2726.864	2447.930
2725.261	2454.292
2723.587	2460.517
2721.843	2466.598
2720.024	2472.531
2718.131	2478.308
2716.161	2483.923
2714.113	2489.371
2711.985	2494.645
2709.776	2499.738
2707.484	2504.645
2705.107	2509.360
2702.645	2513.875
2700.095	2518.187
2697.457	2522.296
2694.728	2526.208
2691.908	2529.928
2688.995	2533.461
2685.987	2536.813
2682.884	2539.989
2679.685	2542.995
2676.387	2545.835
2672.990	2548.515
2669.491	2551.041
2665.891	2553.417
2662.188	2555.650
2658.379	2557.743
2654.465	2559.704
2650.443	2561.536
2646.312	2563.245
2642.072	2564.838
2637.719	2566.318
2633.255	2567.691
2628.676	2568.963
2623.982	2570.139
2619.171	2571.224
2614.243	2572.224
2609.195	2573.143
2604.026	2573.988
2598.736	2574.763
2593.322	2575.474
2587.787	2576.124
2582.132	2576.715
2576.360	2577.247
2570.474	2577.724
2564.477	2578.147
2558.370	2578.518
2552.158	2578.839
2545.841	2579.111
2539.423	2579.336
2532.907	2579.517
2526.295	2579.654
2519.589	2579.750
2512.792	2579.806
2505.907	2579.825
2498.937	2579.808
2491.883	2579.757
2484.749	2579.674
2477.537	2579.560
2470.250	2579.417
2462.890	2579.248
2455.460	2579.054
2447.962	2578.837
2440.400	2578.598
2432.775	2578.339
2425.091	2578.063
2417.349	2577.771
2409.553	2577.465
2401.705	2577.146
2393.807	2576.817
2385.863	2576.479
2377.874	2576.134
2369.844	2575.784
2361.775	2575.431
2353.670	2575.076
2345.531	2574.722
2337.360	2574.370
2329.161	2574.021
2320.936	2573.679
2312.687	2573.344
2304.418	2573.019
2296.130	2572.704
2287.827	2572.403
2279.510	2572.116
2271.183	2571.846
2262.848	2571.593
2254.506	2571.359
2246.160	2571.142
2237.812	2570.944
2229.462	2570.765
2221.114	2570.604
2212.769	2570.463
2204.429	2570.342
2196.096	2570.240
2187.772	2570.159
2179.458	2570.098
2171.158	2570.059
2162.871	2570.040
2154.602	2570.042
2146.350	2570.067
2138.119	2570.113
2129.910	2570.182
2121.725	2570.273
2113.566	2570.387
2105.434	2570.524
2097.333	2570.685
2089.263	2570.870
2081.227	2571.078
2073.226	2571.311
2065.263	2571.569
2057.339	2571.852
2049.456	2572.160
2041.616	2572.493
2033.821	2572.853
2026.073	2573.238
2018.374	2573.650
2010.725	2574.089
2003.130	2574.555
1995.588	2575.048
1988.103	2575.569
1980.677	2576.118
1973.310	2576.695
1966.006	2577.300
1958.765	2577.935
1951.591	2578.598
1944.484	2579.291
1937.447	2580.014
1930.482	2580.767
1923.590	2581.550
1916.774	2582.364
1910.035	2583.208
1903.375	2584.084
1896.797	2584.989
1890.305	2585.917
1883.905	2586.856
1877.601	2587.800
1871.398	2588.739
1865.300	2589.664
1859.314	2590.567
1853.443	2591.438
1847.693	2592.268
1842.069	2593.048
1836.576	2593.771
1831.217	2594.426
1825.999	2595.005
1820.927	2595.499
1816.004	2595.899
1811.237	2596.197
1806.629	2596.382
1802.187	2596.447
1797.914	2596.383
1793.816	2596.179
1789.898	2595.829
1786.164	2595.323
1782.620	2594.651
1779.270	2593.805
1776.119	2592.777
1773.173	2591.557
1770.435	2590.135
1767.912	2588.505
1765.608	2586.656
1763.522	2584.586
1761.643	2582.310
1759.958	2579.844
1758.452	2577.204
1757.112	2574.408
1755.925	2571.470
1754.876	2568.409
1753.952	2565.240
1753.140	2561.979
1752.425	2558.644
1751.795	2555.250
1751.235	2551.814
1750.732	2548.353
1750.272	2544.883
1749.841	2541.420
1749.427	2537.981
1749.015	2534.583
1748.591	2531.241
1748.143	2527.973
1747.657	2524.793
1747.133	2521.698
1746.578	2518.677
1745.998	2515.717
1745.401	2512.804
1744.793	2509.927
1744.181	2507.072
1743.572	2504.228
1742.972	2501.381
1742.389	2498.520
1741.829	2495.630
1741.299	2492.700
1740.806	2489.717
1740.356	2486.668
1739.957	2483.542
1739.615	2480.324
1739.337	2477.003
1739.130	2473.566
1739.000	2470.000
