X	Y
1719.000	1119.000
1719.519	1116.776
1720.425	1114.584
1721.697	1112.417
1723.313	1110.263
1725.253	1108.115
1727.495	1105.963
1730.019	1103.799
1732.803	1101.613
1735.826	1099.396
1739.068	1097.140
1742.507	1094.835
1746.122	1092.473
1749.892	1090.043
1753.797	1087.538
1757.814	1084.948
1761.924	1082.264
1766.104	1079.477
1770.335	1076.579
1774.594	1073.559
1778.862	1070.410
1783.116	1067.122
1787.344	1063.690
1791.549	1060.117
1795.733	1056.406
1799.901	1052.563
1804.058	1048.589
1808.205	1044.490
1812.349	1040.267
1816.491	1035.927
1820.637	1031.471
1824.790	1026.904
1828.954	1022.230
1833.133	1017.451
1837.330	1012.573
1841.550	1007.598
1845.796	1002.530
1850.072	997.373
1854.383	992.131
1858.731	986.808
1863.122	981.406
1867.558	975.930
1872.043	970.384
1876.582	964.771
1881.178	959.095
1885.836	953.359
1890.558	947.568
1895.349	941.725
1900.213	935.833
1905.153	929.897
1910.174	923.920
1915.279	917.906
1920.473	911.859
1925.758	905.782
1931.139	899.678
1936.620	893.553
1942.204	887.409
1947.896	881.250
1953.699	875.079
1959.612	868.901
1965.630	862.718
1971.749	856.534
1977.965	850.351
1984.272	844.172
1990.667	838.002
1997.146	831.842
2003.703	825.696
2010.334	819.567
2017.036	813.458
2023.802	807.373
2030.630	801.314
2037.513	795.284
2044.449	789.287
2051.433	783.326
2058.459	777.404
2065.524	771.524
2072.623	765.688
2079.752	759.901
2086.906	754.166
2094.081	748.485
2101.272	742.861
2108.476	737.298
2115.686	731.799
2122.900	726.367
2130.112	721.004
2137.318	715.715
2144.513	710.503
2151.694	705.369
2158.856	700.318
2165.994	695.353
2173.103	690.476
2180.180	685.691
2187.220	681.001
2194.218	676.410
2201.170	671.919
2208.072	667.533
2214.919	663.254
2221.706	659.085
2228.430	655.031
2235.085	651.093
2241.667	647.274
2248.173	643.579
2254.596	640.010
2260.934	636.570
2267.181	633.262
2273.339	630.079
2279.410	627.015
2285.396	624.059
2291.300	621.205
2297.123	618.444
2302.868	615.768
2308.537	613.169
2314.132	610.637
2319.657	608.166
2325.112	605.747
2330.501	603.371
2335.825	601.030
2341.087	598.717
2346.290	596.422
2351.434	594.138
2356.523	591.856
2361.560	589.568
2366.545	587.266
2371.482	584.942
2376.373	582.587
2381.219	580.193
2386.024	577.752
2390.790	575.255
2395.518	572.695
2400.212	570.063
2404.873	567.351
2409.503	564.550
2414.106	561.653
2418.683	558.651
2423.236	555.536
2427.768	552.301
2432.282	548.950
2436.780	545.491
2441.266	541.933
2445.741	538.284
2450.210	534.551
2454.676	530.744
2459.140	526.870
2463.605	522.938
2468.076	518.955
2472.555	514.931
2477.043	510.872
2481.546	506.789
2486.064	502.688
2490.603	498.577
2495.163	494.466
2499.748	490.362
2504.361	486.274
2509.005	482.209
2513.683	478.177
2518.398	474.184
2523.152	470.240
2527.949	466.353
2532.791	462.530
2537.681	458.781
2542.622	455.113
2547.618	451.534
2552.670	448.053
2557.783	444.678
2562.958	441.417
2568.199	438.278
2573.508	435.270
2578.888	432.399
2584.337	429.663
2589.853	427.059
2595.432	424.580
2601.072	422.223
2606.770	419.983
2612.523	417.856
2618.328	415.836
2624.183	413.920
2630.084	412.102
2636.029	410.378
2642.015	408.744
2648.039	407.195
2654.099	405.726
2660.191	404.333
2666.312	403.011
2672.461	401.755
2678.634	400.561
2684.828	399.425
2691.040	398.342
2697.268	397.307
2703.509	396.315
2709.759	395.363
2716.017	394.445
2722.279	393.556
2728.543	392.693
2734.805	391.851
2741.063	391.025
2747.314	390.210
2753.556	389.402
2759.784	388.597
2765.998	387.789
2772.193	386.974
2778.367	386.151
2784.517	385.324
2790.640	384.501
2796.733	383.690
2802.794	382.900
2808.819	382.136
2814.806	381.409
2820.751	380.724
2826.653	380.090
2832.507	379.514
2838.311	379.005
2844.062	378.569
2849.757	378.216
2855.394	377.951
2860.969	377.784
2866.479	377.722
2871.923	377.772
2877.296	377.942
2882.596	378.241
2887.819	378.675
2892.964	379.253
2898.027	379.982
2903.005	380.870
2907.896	381.924
2912.696	383.153
2917.403	384.564
2922.013	386.165
2926.524	387.964
2930.933	389.967
2935.237	392.182
2939.437	394.604
2943.532	397.226
2947.523	400.043
2951.411	403.048
2955.194	406.236
2958.874	409.599
2962.451	413.132
2965.926	416.829
2969.297	420.683
2972.567	424.688
2975.735	428.838
2978.801	433.126
2981.766	437.547
2984.629	442.094
2987.392	446.761
2990.054	451.542
2992.617	456.430
2995.079	461.420
2997.441	466.505
2999.705	471.678
3001.869	476.935
3003.934	482.268
3005.901	487.671
3007.769	493.138
3009.540	498.663
3011.213	504.239
3012.788	509.861
3014.267	515.525
3015.651	521.231
3016.940	526.978
3018.136	532.766
3019.240	538.595
3020.253	544.463
3021.177	550.371
3022.013	556.318
3022.761	562.304
3023.424	568.327
3024.001	574.389
3024.495	580.488
3024.906	586.625
3025.236	592.797
3025.486	599.006
3025.657	605.251
3025.751	611.531
3025.768	617.845
3025.709	624.194
3025.576	630.578
3025.370	636.994
3025.093	643.444
3024.744	649.927
3024.327	656.442
3023.840	662.988
3023.287	669.566
3022.668	676.176
3021.984	682.815
3021.237	689.485
3020.427	696.185
3019.556	702.914
3018.625	709.672
3017.635	716.458
3016.587	723.271
3015.483	730.105
3014.323	736.956
3013.108	743.818
3011.839	750.688
3010.518	757.559
3009.144	764.428
3007.719	771.289
3006.245	778.138
3004.721	784.969
3003.150	791.778
3001.531	798.559
2999.867	805.309
2998.157	812.021
2996.403	818.692
2994.606	825.316
2992.767	831.889
2990.887	838.405
2988.966	844.860
2987.006	851.249
2985.008	857.567
2982.973	863.808
2980.901	869.969
2978.794	876.045
2976.653	882.030
2974.478	887.919
2972.270	893.708
2970.031	899.392
2967.762	904.966
2965.463	910.426
2963.135	915.765
2960.780	920.980
2958.399	926.065
2955.991	931.016
2953.559	935.828
2951.100	940.502
2948.609	945.043
2946.082	949.458
2943.513	953.750
2940.899	957.927
2938.235	961.992
2935.516	965.952
2932.738	969.813
2929.895	973.578
2926.983	977.255
2923.998	980.848
2920.935	984.363
2917.789	987.805
2914.556	991.180
2911.230	994.493
2907.808	997.750
2904.284	1000.956
2900.655	1004.116
2896.915	1007.236
2893.059	1010.322
2889.083	1013.378
2884.983	1016.410
2880.754	1019.425
2876.391	1022.426
2871.889	1025.420
2867.245	1028.412
2862.461	1031.401
2857.544	1034.388
2852.499	1037.371
2847.331	1040.349
2842.047	1043.321
2836.653	1046.285
2831.153	1049.242
2825.554	1052.189
2819.861	1055.126
2814.081	1058.051
2808.218	1060.964
2802.279	1063.863
2796.270	1066.747
2790.195	1069.616
2784.062	1072.468
2777.875	1075.302
2771.640	1078.117
2765.364	1080.912
2759.051	1083.686
2752.708	1086.438
2746.340	1089.166
2739.953	1091.870
2733.553	1094.549
2727.146	1097.201
2720.736	1099.826
2714.331	1102.422
2707.935	1104.988
2701.555	1107.524
2695.196	1110.027
2688.864	1112.498
2682.565	1114.935
2676.304	1117.336
2670.087	1119.702
2663.920	1122.030
2657.807	1124.321
2651.747	1126.574
2645.737	1128.793
2639.775	1130.978
2633.857	1133.131
2627.981	1135.254
2622.145	1137.348
2616.346	1139.415
2610.580	1141.456
2604.846	1143.472
2599.141	1145.467
2593.461	1147.440
2587.804	1149.395
2582.169	1151.331
2576.551	1153.251
2570.948	1155.157
2565.358	1157.049
2559.777	1158.930
2554.204	1160.801
2548.635	1162.664
2543.068	1164.520
2537.500	1166.371
2531.928	1168.218
2526.350	1170.063
2520.763	1171.908
2515.165	1173.754
2509.552	1175.603
2503.921	1177.456
2498.271	1179.315
2492.599	1181.181
2486.902	1183.056
2481.176	1184.942
2475.421	1186.839
2469.634	1188.744
2463.815	1190.654
2457.962	1192.564
2452.076	1194.470
2446.155	1196.369
2440.198	1198.256
2434.205	1200.127
2428.174	1201.978
2422.104	1203.805
2415.996	1205.604
2409.848	1207.372
2403.659	1209.104
2397.428	1210.796
2391.154	1212.443
2384.837	1214.043
2378.476	1215.591
2372.070	1217.083
2365.617	1218.515
2359.118	1219.883
2352.571	1221.183
2345.976	1222.411
2339.331	1223.563
2332.635	1224.635
2325.889	1225.623
2319.090	1226.522
2312.239	1227.330
2305.334	1228.041
2298.375	1228.652
2291.359	1229.159
2284.288	1229.557
2277.159	1229.844
2269.973	1230.014
2262.727	1230.064
2255.422	1229.990
2248.057	1229.789
2240.637	1229.467
2233.165	1229.029
2225.645	1228.480
2218.083	1227.828
2210.481	1227.078
2202.846	1226.235
2195.180	1225.305
2187.489	1224.294
2179.776	1223.209
2172.046	1222.055
2164.303	1220.837
2156.552	1219.562
2148.796	1218.235
2141.041	1216.863
2133.289	1215.451
2125.547	1214.005
2117.817	1212.530
2110.104	1211.033
2102.414	1209.520
2094.749	1207.996
2087.114	1206.468
2079.514	1204.940
2071.952	1203.419
2064.434	1201.911
2056.963	1200.422
2049.543	1198.957
2042.180	1197.522
2034.877	1196.124
2027.638	1194.767
2020.469	1193.458
2013.373	1192.203
2006.354	1191.007
1999.417	1189.876
1992.566	1188.817
1985.805	1187.835
1979.139	1186.936
1972.572	1186.125
1966.109	1185.409
1959.753	1184.793
1953.506	1184.279
1947.365	1183.863
1941.328	1183.539
1935.390	1183.303
1929.549	1183.150
1923.803	1183.075
1918.146	1183.073
1912.578	1183.140
1907.094	1183.269
1901.692	1183.458
1896.368	1183.699
1891.120	1183.990
1885.943	1184.324
1880.836	1184.698
1875.795	1185.105
1870.816	1185.542
1865.898	1186.003
1861.036	1186.483
1856.228	1186.978
1851.471	1187.483
1846.761	1187.992
1842.096	1188.502
1837.471	1189.006
1832.885	1189.501
1828.335	1189.980
1823.816	1190.441
1819.326	1190.876
1814.863	1191.282
1810.434	1191.652
1806.050	1191.979
1801.724	1192.254
1797.469	1192.470
1793.295	1192.619
1789.216	1192.695
1785.245	1192.689
1781.391	1192.594
1777.670	1192.402
1774.091	1192.105
1770.668	1191.697
1767.413	1191.170
1764.338	1190.515
1761.455	1189.726
1758.776	1188.794
1756.314	1187.713
1754.081	1186.474
1752.088	1185.071
1750.343	1183.498
1748.820	1181.765
1747.488	1179.885
1746.314	1177.873
1745.265	1175.741
1744.310	1173.504
1743.416	1171.173
1742.550	1168.764
1741.680	1166.290
1740.773	1163.763
1739.798	1161.198
1738.722	1158.608
1737.511	1156.007
1736.138	1153.408
1734.611	1150.817
1732.970	1148.237
1731.256	1145.671
1729.507	1143.120
1727.766	1140.588
1726.070	1138.076
1724.462	1135.587
1722.980	1133.123
1721.665	1130.687
1720.558	1128.280
1719.697	1125.906
1719.124	1123.566
1718.878	1121.264
1719.000	1119.000
