X	Y
1746.000	1191.000
1749.698	1187.836
1753.634	1184.933
1757.801	1182.282
1762.192	1179.877
1766.799	1177.710
1771.617	1175.772
1776.638	1174.058
1781.854	1172.558
1787.260	1171.265
1792.847	1170.171
1798.609	1169.270
1804.539	1168.553
1810.629	1168.012
1816.874	1167.641
1823.265	1167.431
1829.796	1167.375
1836.460	1167.465
1843.249	1167.693
1850.157	1168.052
1857.177	1168.535
1864.301	1169.133
1871.523	1169.839
1878.835	1170.646
1886.232	1171.545
1893.704	1172.530
1901.247	1173.591
1908.851	1174.723
1916.512	1175.917
1924.221	1177.166
1931.971	1178.461
1939.756	1179.796
1947.568	1181.163
1955.400	1182.553
1963.246	1183.960
1971.099	1185.376
1978.951	1186.793
1986.795	1188.204
1994.624	1189.600
2002.432	1190.975
2010.211	1192.321
2017.954	1193.629
2025.655	1194.893
2033.305	1196.105
2040.899	1197.257
2048.430	1198.341
2055.889	1199.350
2063.271	1200.277
2070.571	1201.116
2077.791	1201.870
2084.935	1202.539
2092.003	1203.124
2098.999	1203.628
2105.924	1204.052
2112.781	1204.397
2119.573	1204.664
2126.302	1204.856
2132.970	1204.974
2139.579	1205.018
2146.132	1204.991
2152.632	1204.894
2159.079	1204.729
2165.478	1204.496
2171.830	1204.198
2178.137	1203.836
2184.402	1203.411
2190.627	1202.926
2196.815	1202.380
2202.968	1201.776
2209.088	1201.115
2215.177	1200.399
2221.239	1199.629
2227.274	1198.807
2233.287	1197.934
2239.278	1197.011
2245.251	1196.041
2251.207	1195.024
2257.149	1193.962
2263.079	1192.856
2269.000	1191.708
2274.915	1190.519
2280.824	1189.292
2286.731	1188.026
2292.638	1186.724
2298.548	1185.388
2304.462	1184.018
2310.384	1182.616
2316.314	1181.184
2322.257	1179.723
2328.213	1178.235
2334.186	1176.720
2340.178	1175.181
2346.189	1173.620
2352.221	1172.039
2358.273	1170.440
2364.344	1168.827
2370.436	1167.201
2376.548	1165.566
2382.681	1163.924
2388.833	1162.278
2395.006	1160.630
2401.200	1158.983
2407.414	1157.340
2413.649	1155.702
2419.905	1154.073
2426.181	1152.455
2432.478	1150.851
2438.796	1149.264
2445.135	1147.695
2451.494	1146.148
2457.875	1144.625
2464.277	1143.129
2470.701	1141.662
2477.145	1140.228
2483.611	1138.827
2490.098	1137.464
2496.607	1136.141
2503.137	1134.860
2509.689	1133.623
2516.262	1132.435
2522.858	1131.296
2529.475	1130.210
2536.114	1129.179
2542.774	1128.207
2549.457	1127.294
2556.162	1126.445
2562.888	1125.661
2569.637	1124.945
2576.409	1124.301
2583.202	1123.729
2590.018	1123.234
2596.856	1122.818
2603.717	1122.482
2610.601	1122.230
2617.507	1122.065
2624.435	1121.988
2631.387	1122.003
2638.360	1122.112
2645.353	1122.315
2652.359	1122.613
2659.377	1123.006
2666.402	1123.494
2673.431	1124.078
2680.458	1124.759
2687.481	1125.535
2694.495	1126.409
2701.497	1127.380
2708.483	1128.448
2715.448	1129.614
2722.390	1130.878
2729.303	1132.241
2736.185	1133.703
2743.031	1135.265
2749.838	1136.926
2756.601	1138.687
2763.316	1140.548
2769.980	1142.510
2776.590	1144.573
2783.140	1146.738
2789.627	1149.004
2796.048	1151.373
2802.398	1153.844
2808.673	1156.418
2814.870	1159.095
2820.984	1161.876
2827.012	1164.760
2832.951	1167.749
2838.795	1170.842
2844.541	1174.041
2850.186	1177.344
2855.724	1180.754
2861.154	1184.269
2866.469	1187.891
2871.668	1191.620
2876.745	1195.455
2881.697	1199.398
2886.521	1203.449
2891.211	1207.608
2895.765	1211.876
2900.178	1216.252
2904.446	1220.738
2908.566	1225.333
2912.534	1230.038
2916.349	1234.849
2920.012	1239.760
2923.525	1244.766
2926.888	1249.860
2930.103	1255.037
2933.170	1260.290
2936.092	1265.614
2938.868	1271.002
2941.501	1276.449
2943.991	1281.949
2946.340	1287.496
2948.548	1293.084
2950.618	1298.707
2952.549	1304.358
2954.343	1310.033
2956.001	1315.725
2957.525	1321.429
2958.916	1327.137
2960.174	1332.845
2961.301	1338.547
2962.298	1344.235
2963.166	1349.906
2963.906	1355.552
2964.520	1361.168
2965.008	1366.747
2965.372	1372.285
2965.613	1377.774
2965.732	1383.209
2965.730	1388.584
2965.609	1393.893
2965.369	1399.130
2965.011	1404.290
2964.537	1409.366
2963.948	1414.352
2963.246	1419.242
2962.430	1424.031
2961.503	1428.712
2960.465	1433.281
2959.318	1437.735
2958.065	1442.082
2956.707	1446.327
2955.246	1450.475
2953.685	1454.532
2952.025	1458.504
2950.269	1462.396
2948.419	1466.214
2946.477	1469.964
2944.445	1473.651
2942.325	1477.280
2940.120	1480.859
2937.831	1484.391
2935.460	1487.884
2933.010	1491.341
2930.482	1494.770
2927.879	1498.176
2925.203	1501.564
2922.456	1504.940
2919.640	1508.310
2916.758	1511.679
2913.810	1515.053
2910.800	1518.438
2907.729	1521.839
2904.601	1525.262
2901.416	1528.713
2898.176	1532.197
2894.885	1535.719
2891.543	1539.286
2888.154	1542.904
2884.717	1546.574
2881.234	1550.294
2877.702	1554.062
2874.121	1557.874
2870.489	1561.726
2866.807	1565.615
2863.073	1569.539
2859.285	1573.493
2855.444	1577.476
2851.549	1581.482
2847.597	1585.510
2843.589	1589.556
2839.524	1593.616
2835.400	1597.688
2831.218	1601.769
2826.975	1605.854
2822.671	1609.941
2818.305	1614.026
2813.876	1618.107
2809.384	1622.180
2804.826	1626.241
2800.204	1630.289
2795.514	1634.318
2790.758	1638.326
2785.933	1642.311
2781.039	1646.268
2776.074	1650.194
2771.039	1654.086
2765.932	1657.942
2760.752	1661.757
2755.498	1665.528
2750.169	1669.253
2744.766	1672.927
2739.285	1676.548
2733.727	1680.113
2728.091	1683.617
2722.376	1687.059
2716.581	1690.435
2710.704	1693.740
2704.746	1696.974
2698.705	1700.131
2692.580	1703.209
2686.374	1706.209
2680.090	1709.131
2673.731	1711.979
2667.301	1714.754
2660.802	1717.458
2654.240	1720.092
2647.616	1722.660
2640.934	1725.162
2634.198	1727.600
2627.410	1729.977
2620.575	1732.295
2613.696	1734.555
2606.776	1736.759
2599.818	1738.910
2592.826	1741.008
2585.804	1743.057
2578.754	1745.057
2571.681	1747.012
2564.586	1748.922
2557.475	1750.790
2550.350	1752.618
2543.215	1754.407
2536.072	1756.160
2528.926	1757.878
2521.780	1759.563
2514.637	1761.218
2507.500	1762.844
2500.374	1764.443
2493.260	1766.017
2486.164	1767.567
2479.087	1769.097
2472.034	1770.608
2465.009	1772.101
2458.013	1773.578
2451.051	1775.043
2444.126	1776.495
2437.241	1777.939
2430.400	1779.374
2423.607	1780.803
2416.864	1782.229
2410.175	1783.653
2403.544	1785.077
2396.973	1786.502
2390.466	1787.932
2384.027	1789.367
2377.659	1790.810
2371.365	1792.262
2365.149	1793.726
2359.014	1795.203
2352.959	1796.690
2346.981	1798.184
2341.080	1799.682
2335.251	1801.180
2329.495	1802.673
2323.808	1804.158
2318.188	1805.632
2312.633	1807.091
2307.142	1808.531
2301.711	1809.948
2296.339	1811.339
2291.024	1812.699
2285.763	1814.026
2280.555	1815.315
2275.397	1816.563
2270.288	1817.766
2265.224	1818.921
2260.205	1820.023
2255.227	1821.069
2250.289	1822.055
2245.388	1822.978
2240.524	1823.833
2235.692	1824.617
2230.892	1825.327
2226.121	1825.959
2221.377	1826.508
2216.658	1826.972
2211.961	1827.346
2207.286	1827.627
2202.628	1827.811
2197.988	1827.894
2193.361	1827.873
2188.747	1827.744
2184.143	1827.503
2179.546	1827.147
2174.956	1826.671
2170.370	1826.078
2165.786	1825.370
2161.204	1824.552
2156.621	1823.625
2152.037	1822.595
2147.450	1821.464
2142.859	1820.236
2138.262	1818.915
2133.657	1817.504
2129.044	1816.007
2124.421	1814.427
2119.786	1812.768
2115.139	1811.033
2110.476	1809.226
2105.798	1807.350
2101.103	1805.409
2096.389	1803.407
2091.655	1801.346
2086.899	1799.232
2082.121	1797.066
2077.318	1794.852
2072.489	1792.595
2067.633	1790.298
2062.748	1787.963
2057.833	1785.596
2052.887	1783.198
2047.907	1780.775
2042.894	1778.328
2037.844	1775.863
2032.757	1773.382
2027.632	1770.888
2022.466	1768.387
2017.259	1765.880
2012.009	1763.372
2006.714	1760.865
2001.375	1758.364
1995.995	1755.866
1990.579	1753.370
1985.132	1750.875
1979.657	1748.380
1974.161	1745.881
1968.647	1743.379
1963.120	1740.872
1957.586	1738.357
1952.048	1735.834
1946.511	1733.300
1940.980	1730.755
1935.460	1728.197
1929.955	1725.624
1924.471	1723.035
1919.010	1720.428
1913.580	1717.802
1908.183	1715.154
1902.825	1712.484
1897.511	1709.791
1892.244	1707.072
1887.031	1704.325
1881.874	1701.550
1876.780	1698.745
1871.753	1695.908
1866.797	1693.038
1861.917	1690.133
1857.119	1687.192
1852.405	1684.213
1847.782	1681.194
1843.254	1678.135
1838.825	1675.033
1834.500	1671.887
1830.285	1668.695
1826.183	1665.457
1822.199	1662.169
1818.338	1658.832
1814.605	1655.442
1811.004	1652.000
1807.540	1648.502
1804.214	1644.948
1801.020	1641.336
1797.956	1637.664
1795.016	1633.931
1792.195	1630.134
1789.490	1626.273
1786.896	1622.344
1784.408	1618.348
1782.023	1614.281
1779.734	1610.143
1777.539	1605.932
1775.432	1601.645
1773.409	1597.282
1771.466	1592.840
1769.597	1588.318
1767.800	1583.715
1766.068	1579.027
1764.398	1574.255
1762.785	1569.395
1761.225	1564.447
1759.713	1559.409
1758.244	1554.278
1756.815	1549.054
1755.421	1543.735
1754.057	1538.318
1752.718	1532.803
1751.401	1527.187
1750.101	1521.469
1748.813	1515.648
1747.533	1509.720
1746.257	1503.686
1744.979	1497.542
1743.696	1491.288
1742.402	1484.922
1741.095	1478.441
1739.768	1471.845
1738.420	1465.134
1737.057	1458.317
1735.685	1451.401
1734.309	1444.396
1732.935	1437.310
1731.571	1430.152
1730.220	1422.931
1728.891	1415.655
1727.589	1408.334
1726.319	1400.975
1725.089	1393.589
1723.903	1386.182
1722.769	1378.765
1721.691	1371.345
1720.677	1363.932
1719.732	1356.534
1718.863	1349.160
1718.074	1341.819
1717.374	1334.519
1716.766	1327.270
1716.259	1320.079
1715.857	1312.956
1715.566	1305.909
1715.394	1298.947
1715.345	1292.079
1715.426	1285.313
1715.643	1278.659
1716.002	1272.125
1716.509	1265.719
1717.170	1259.450
1717.991	1253.328
1718.979	1247.360
1720.138	1241.556
1721.476	1235.925
1722.999	1230.474
1724.712	1225.213
1726.621	1220.150
1728.734	1215.295
1731.054	1210.655
1733.590	1206.240
1736.346	1202.058
1739.329	1198.118
1742.545	1194.429
1746.000	1191.000
