X	Y
1174.000	550.000
1175.189	547.938
1176.549	545.977
1178.072	544.108
1179.753	542.325
1181.583	540.621
1183.555	538.987
1185.662	537.418
1187.898	535.905
1190.253	534.441
1192.722	533.019
1195.298	531.632
1197.972	530.272
1200.738	528.932
1203.588	527.605
1206.516	526.284
1209.514	524.960
1212.574	523.628
1215.691	522.279
1218.855	520.907
1222.061	519.503
1225.301	518.062
1228.568	516.575
1231.854	515.034
1235.152	513.434
1238.458	511.771
1241.771	510.047
1245.089	508.265
1248.411	506.429
1251.737	504.542
1255.066	502.606
1258.397	500.625
1261.729	498.602
1265.061	496.540
1268.392	494.442
1271.722	492.312
1275.049	490.151
1278.372	487.965
1281.691	485.755
1285.005	483.524
1288.313	481.277
1291.613	479.015
1294.906	476.742
1298.189	474.462
1301.463	472.176
1304.726	469.889
1307.978	467.604
1311.217	465.322
1314.442	463.049
1317.654	460.786
1320.850	458.537
1324.030	456.305
1327.193	454.093
1330.338	451.905
1333.465	449.742
1336.571	447.609
1339.658	445.507
1342.729	443.433
1345.784	441.386
1348.828	439.363
1351.864	437.361
1354.893	435.377
1357.919	433.409
1360.945	431.455
1363.972	429.511
1367.005	427.576
1370.046	425.646
1373.098	423.719
1376.163	421.793
1379.244	419.864
1382.344	417.931
1385.466	415.991
1388.612	414.040
1391.786	412.078
1394.990	410.100
1398.226	408.105
1401.498	406.089
1404.809	404.051
1408.161	401.987
1411.557	399.896
1414.999	397.774
1418.491	395.619
1422.036	393.428
1425.635	391.199
1429.293	388.930
1433.011	386.617
1436.792	384.258
1440.635	381.854
1444.537	379.407
1448.496	376.919
1452.508	374.393
1456.571	371.830
1460.682	369.233
1464.838	366.603
1469.036	363.943
1473.273	361.255
1477.547	358.541
1481.854	355.803
1486.193	353.043
1490.559	350.264
1494.951	347.467
1499.365	344.655
1503.799	341.829
1508.249	338.993
1512.713	336.148
1517.188	333.295
1521.671	330.438
1526.160	327.579
1530.651	324.719
1535.142	321.860
1539.629	319.006
1544.111	316.157
1548.584	313.316
1553.045	310.486
1557.491	307.667
1561.921	304.863
1566.330	302.076
1570.715	299.307
1575.076	296.559
1579.407	293.834
1583.707	291.134
1587.972	288.461
1592.201	285.817
1596.389	283.204
1600.534	280.626
1604.634	278.082
1608.685	275.577
1612.686	273.110
1616.639	270.681
1620.545	268.287
1624.406	265.927
1628.224	263.600
1632.002	261.302
1635.740	259.033
1639.442	256.791
1643.109	254.573
1646.744	252.379
1650.347	250.206
1653.921	248.052
1657.468	245.916
1660.990	243.796
1664.489	241.690
1667.967	239.597
1671.426	237.514
1674.867	235.439
1678.293	233.372
1681.706	231.310
1685.107	229.251
1688.499	227.194
1691.884	225.137
1695.263	223.077
1698.638	221.014
1702.012	218.945
1705.387	216.869
1708.764	214.784
1712.145	212.688
1715.532	210.579
1718.928	208.455
1722.334	206.315
1725.752	204.157
1729.184	201.980
1732.631	199.783
1736.094	197.570
1739.573	195.341
1743.070	193.099
1746.584	190.843
1750.118	188.577
1753.672	186.301
1757.245	184.018
1760.840	181.728
1764.458	179.433
1768.097	177.135
1771.761	174.836
1775.449	172.536
1779.162	170.237
1782.901	167.942
1786.666	165.650
1790.459	163.365
1794.281	161.087
1798.131	158.819
1802.011	156.560
1805.922	154.314
1809.865	152.082
1813.839	149.865
1817.847	147.664
1821.888	145.482
1825.963	143.319
1830.074	141.178
1834.221	139.059
1838.405	136.965
1842.627	134.897
1846.887	132.856
1851.186	130.845
1855.525	128.863
1859.905	126.914
1864.326	124.999
1868.787	123.118
1873.281	121.275
1877.805	119.470
1882.353	117.706
1886.920	115.984
1891.501	114.306
1896.092	112.673
1900.686	111.088
1905.279	109.551
1909.866	108.065
1914.443	106.632
1919.002	105.253
1923.541	103.930
1928.054	102.664
1932.535	101.458
1936.980	100.313
1941.384	99.230
1945.741	98.212
1950.047	97.260
1954.296	96.377
1958.484	95.562
1962.605	94.820
1966.655	94.150
1970.628	93.555
1974.520	93.037
1978.324	92.597
1982.038	92.236
1985.654	91.958
1989.169	91.763
1992.576	91.653
1995.872	91.630
1999.052	91.696
2002.109	91.852
2005.039	92.100
2007.840	92.442
2010.515	92.880
2013.066	93.417
2015.496	94.054
2017.808	94.795
2020.005	95.641
2022.089	96.595
2024.063	97.659
2025.930	98.836
2027.692	100.127
2029.353	101.534
2030.916	103.061
2032.382	104.710
2033.754	106.482
2035.036	108.381
2036.231	110.407
2037.340	112.565
2038.367	114.855
2039.314	117.278
2040.184	119.827
2040.977	122.498
2041.696	125.285
2042.343	128.181
2042.919	131.183
2043.428	134.284
2043.870	137.479
2044.247	140.762
2044.561	144.127
2044.815	147.570
2045.010	151.084
2045.148	154.664
2045.230	158.305
2045.260	162.001
2045.239	165.747
2045.168	169.537
2045.050	173.365
2044.886	177.226
2044.679	181.114
2044.430	185.024
2044.141	188.951
2043.814	192.889
2043.451	196.831
2043.055	200.774
2042.626	204.711
2042.167	208.637
2041.679	212.546
2041.164	216.437
2040.624	220.312
2040.057	224.170
2039.466	228.014
2038.852	231.845
2038.215	235.663
2037.556	239.471
2036.875	243.268
2036.175	247.056
2035.455	250.836
2034.717	254.610
2033.962	258.378
2033.189	262.142
2032.401	265.903
2031.598	269.661
2030.781	273.419
2029.950	277.176
2029.107	280.935
2028.253	284.696
2027.388	288.461
2026.514	292.230
2025.630	296.005
2024.739	299.787
2023.840	303.577
2022.935	307.376
2022.024	311.186
2021.110	315.007
2020.191	318.840
2019.270	322.687
2018.346	326.549
2017.422	330.427
2016.496	334.321
2015.568	338.231
2014.636	342.156
2013.701	346.096
2012.760	350.050
2011.812	354.019
2010.858	358.002
2009.895	361.998
2008.923	366.007
2007.941	370.029
2006.948	374.063
2005.943	378.109
2004.925	382.167
2003.892	386.236
2002.845	390.315
2001.781	394.405
2000.701	398.505
1999.602	402.615
1998.485	406.734
1997.348	410.861
1996.189	414.997
1995.009	419.141
1993.806	423.293
1992.579	427.452
1991.328	431.619
1990.050	435.791
1988.746	439.970
1987.414	444.155
1986.053	448.345
1984.663	452.540
1983.242	456.739
1981.789	460.943
1980.304	465.151
1978.785	469.362
1977.234	473.575
1975.651	477.787
1974.040	481.998
1972.401	486.204
1970.737	490.404
1969.048	494.595
1967.337	498.776
1965.605	502.945
1963.854	507.099
1962.085	511.237
1960.301	515.356
1958.502	519.455
1956.691	523.531
1954.869	527.583
1953.038	531.609
1951.200	535.605
1949.356	539.572
1947.507	543.505
1945.656	547.404
1943.805	551.266
1941.954	555.090
1940.106	558.872
1938.262	562.612
1936.424	566.308
1934.593	569.956
1932.772	573.556
1930.961	577.105
1929.163	580.601
1927.380	584.042
1925.612	587.426
1923.862	590.751
1922.131	594.015
1920.421	597.216
1918.732	600.353
1917.062	603.422
1915.404	606.424
1913.750	609.357
1912.094	612.219
1910.430	615.009
1908.751	617.726
1907.050	620.368
1905.322	622.934
1903.558	625.423
1901.754	627.834
1899.901	630.164
1897.994	632.413
1896.025	634.580
1893.990	636.662
1891.879	638.659
1889.688	640.569
1887.409	642.391
1885.037	644.124
1882.563	645.766
1879.983	647.316
1877.288	648.773
1874.473	650.134
1871.531	651.400
1868.456	652.568
1865.245	653.640
1861.902	654.618
1858.429	655.507
1854.831	656.309
1851.109	657.029
1847.267	657.668
1843.307	658.232
1839.234	658.722
1835.050	659.142
1830.757	659.497
1826.360	659.788
1821.861	660.020
1817.262	660.196
1812.569	660.319
1807.782	660.392
1802.906	660.419
1797.943	660.404
1792.896	660.349
1787.769	660.258
1782.565	660.134
1777.286	659.981
1771.935	659.802
1766.517	659.600
1761.033	659.380
1755.487	659.143
1749.881	658.894
1744.219	658.635
1738.505	658.371
1732.740	658.104
1726.929	657.838
1721.073	657.577
1715.177	657.323
1709.242	657.080
1703.273	656.851
1697.272	656.640
1691.243	656.450
1685.188	656.284
1679.110	656.147
1673.013	656.040
1666.899	655.968
1660.771	655.931
1654.630	655.927
1648.478	655.956
1642.316	656.015
1636.146	656.103
1629.969	656.217
1623.786	656.358
1617.600	656.522
1611.411	656.708
1605.222	656.915
1599.033	657.140
1592.845	657.383
1586.662	657.641
1580.483	657.914
1574.311	658.198
1568.147	658.494
1561.992	658.798
1555.848	659.109
1549.716	659.427
1543.598	659.748
1537.496	660.072
1531.410	660.397
1525.343	660.721
1519.295	661.042
1513.269	661.359
1507.265	661.670
1501.285	661.974
1495.331	662.269
1489.404	662.553
1483.506	662.825
1477.638	663.083
1471.801	663.325
1465.997	663.550
1460.228	663.756
1454.495	663.941
1448.799	664.104
1443.143	664.243
1437.526	664.357
1431.952	664.444
1426.421	664.502
1420.935	664.529
1415.495	664.524
1410.103	664.486
1404.760	664.412
1399.468	664.301
1394.228	664.151
1389.042	663.962
1383.910	663.731
1378.833	663.463
1373.810	663.160
1368.839	662.825
1363.921	662.463
1359.056	662.075
1354.242	661.664
1349.478	661.236
1344.766	660.791
1340.103	660.334
1335.489	659.868
1330.924	659.395
1326.408	658.920
1321.939	658.445
1317.517	657.973
1313.142	657.508
1308.813	657.053
1304.530	656.610
1300.291	656.184
1296.097	655.777
1291.947	655.392
1287.840	655.034
1283.775	654.703
1279.753	654.405
1275.773	654.142
1271.834	653.918
1267.935	653.734
1264.077	653.596
1260.257	653.505
1256.477	653.466
1252.735	653.481
1249.031	653.553
1245.365	653.685
1241.735	653.882
1238.141	654.145
1234.587	654.469
1231.077	654.843
1227.617	655.253
1224.214	655.688
1220.873	656.133
1217.600	656.577
1214.400	657.008
1211.279	657.411
1208.244	657.775
1205.299	658.087
1202.451	658.335
1199.706	658.505
1197.068	658.586
1194.545	658.563
1192.141	658.426
1189.863	658.160
1187.716	657.754
1185.706	657.195
1183.839	656.470
1182.121	655.567
1180.556	654.472
1179.152	653.175
1177.904	651.681
1176.804	650.011
1175.843	648.184
1175.012	646.219
1174.303	644.137
1173.706	641.957
1173.212	639.698
1172.814	637.381
1172.501	635.025
1172.266	632.649
1172.098	630.275
1171.990	627.920
1171.932	625.606
1171.915	623.351
1171.931	621.175
1171.971	619.098
1172.026	617.140
1172.089	615.301
1172.156	613.564
1172.223	611.909
1172.285	610.317
1172.339	608.769
1172.381	607.246
1172.405	605.727
1172.409	604.194
1172.387	602.628
1172.336	601.008
1172.252	599.317
1172.130	597.533
1171.966	595.639
1171.761	593.624
1171.525	591.496
1171.268	589.269
1171.004	586.954
1170.744	584.563
1170.498	582.109
1170.280	579.604
1170.100	577.060
1169.971	574.489
1169.903	571.904
1169.909	569.316
1170.000	566.739
1170.188	564.184
1170.484	561.663
1170.900	559.188
1171.448	556.772
1172.140	554.428
1172.987	552.166
1174.000	550.000
