X	Y
5.509	3.083
5.518	3.072
5.540	3.060
5.571	3.047
5.605	3.033
5.638	3.018
5.666	3.002
5.689	2.986
5.710	2.970
5.729	2.953
5.748	2.936
5.766	2.919
5.784	2.901
5.801	2.883
5.819	2.863
5.837	2.843
5.854	2.821
5.871	2.801
5.887	2.781
5.904	2.762
5.920	2.745
5.938	2.728
5.957	2.709
5.980	2.689
6.006	2.668
6.034	2.645
6.063	2.621
6.092	2.597
6.122	2.574
6.150	2.552
6.176	2.531
6.202	2.511
6.227	2.491
6.251	2.473
6.275	2.454
6.300	2.436
6.324	2.418
6.349	2.400
6.373	2.382
6.396	2.364
6.419	2.345
6.441	2.328
6.464	2.311
6.487	2.297
6.511	2.284
6.535	2.275
6.560	2.266
6.584	2.256
6.608	2.243
6.630	2.227
6.651	2.209
6.673	2.189
6.695	2.168
6.718	2.149
6.743	2.131
6.768	2.115
6.794	2.100
6.819	2.086
6.842	2.072
6.863	2.058
6.883	2.043
6.904	2.029
6.927	2.015
6.952	2.001
6.979	1.988
7.008	1.974
7.038	1.959
7.069	1.944
7.099	1.928
7.128	1.912
7.157	1.894
7.185	1.877
7.211	1.860
7.237	1.844
7.261	1.829
7.285	1.815
7.308	1.802
7.331	1.790
7.354	1.779
7.378	1.769
7.403	1.759
7.427	1.748
7.452	1.737
7.477	1.725
7.502	1.712
7.527	1.699
7.553	1.686
7.580	1.673
7.609	1.661
7.637	1.650
7.667	1.639
7.697	1.627
7.727	1.616
7.757	1.604
7.787	1.591
7.816	1.579
7.845	1.568
7.872	1.557
7.899	1.547
7.925	1.538
7.950	1.529
7.976	1.519
8.003	1.508
8.031	1.495
8.060	1.481
8.089	1.467
8.118	1.451
8.146	1.436
8.175	1.420
8.202	1.405
8.229	1.390
8.255	1.375
8.281	1.361
8.306	1.348
8.330	1.335
8.355	1.322
8.381	1.310
8.408	1.297
8.438	1.284
8.470	1.271
8.502	1.257
8.535	1.244
8.567	1.231
8.599	1.218
8.629	1.205
8.658	1.193
8.687	1.182
8.715	1.171
8.744	1.160
8.773	1.149
8.803	1.139
8.832	1.130
8.862	1.122
8.892	1.115
8.921	1.109
8.951	1.105
8.980	1.102
9.011	1.100
9.042	1.099
9.074	1.098
9.108	1.098
9.142	1.099
9.177	1.099
9.212	1.099
9.248	1.099
9.283	1.098
9.318	1.098
9.350	1.099
9.381	1.103
9.408	1.111
9.431	1.123
9.451	1.140
9.468	1.162
9.482	1.186
9.495	1.212
9.506	1.239
9.516	1.268
9.525	1.298
9.532	1.329
9.538	1.360
9.542	1.392
9.545	1.424
9.547	1.455
9.549	1.487
9.552	1.518
9.556	1.549
9.561	1.580
9.567	1.610
9.574	1.640
9.581	1.669
9.588	1.697
9.596	1.725
9.603	1.753
9.609	1.781
9.613	1.810
9.616	1.841
9.617	1.872
9.616	1.905
9.616	1.939
9.614	1.973
9.614	2.008
9.613	2.043
9.614	2.078
9.614	2.113
9.614	2.148
9.614	2.181
9.614	2.214
9.612	2.245
9.610	2.277
9.607	2.308
9.603	2.339
9.597	2.372
9.590	2.405
9.582	2.438
9.574	2.473
9.566	2.507
9.558	2.542
9.550	2.576
9.544	2.609
9.539	2.643
9.534	2.675
9.529	2.708
9.524	2.740
9.518	2.771
9.511	2.803
9.505	2.834
9.499	2.865
9.494	2.897
9.490	2.929
9.488	2.961
9.485	2.993
9.483	3.024
9.480	3.056
9.476	3.086
9.470	3.116
9.463	3.145
9.456	3.175
9.450	3.205
9.446	3.236
9.444	3.268
9.443	3.301
9.442	3.334
9.439	3.365
9.433	3.395
9.423	3.422
9.409	3.446
9.392	3.469
9.373	3.490
9.354	3.510
9.335	3.530
9.315	3.550
9.296	3.570
9.276	3.589
9.255	3.608
9.233	3.626
9.211	3.644
9.188	3.659
9.164	3.674
9.139	3.686
9.114	3.696
9.090	3.706
9.066	3.716
9.043	3.727
9.022	3.738
9.001	3.750
8.979	3.761
8.954	3.770
8.926	3.777
8.896	3.781
8.863	3.783
8.830	3.784
8.796	3.784
8.762	3.785
8.729	3.785
8.696	3.785
8.663	3.785
8.630	3.785
8.597	3.784
8.565	3.784
8.532	3.784
8.499	3.784
8.466	3.784
8.432	3.784
8.398	3.785
8.363	3.785
8.329	3.785
8.294	3.785
8.259	3.785
8.226	3.784
8.192	3.784
8.159	3.784
8.127	3.784
8.094	3.784
8.061	3.784
8.027	3.785
7.992	3.785
7.957	3.786
7.922	3.786
7.888	3.786
7.854	3.785
7.821	3.783
7.789	3.780
7.758	3.777
7.727	3.774
7.695	3.771
7.664	3.769
7.631	3.767
7.599	3.767
7.565	3.767
7.532	3.768
7.498	3.769
7.464	3.770
7.430	3.772
7.397	3.772
7.364	3.772
7.331	3.771
7.300	3.768
7.269	3.764
7.239	3.758
7.210	3.751
7.180	3.744
7.151	3.737
7.121	3.731
7.091	3.725
7.061	3.719
7.031	3.713
7.001	3.708
6.972	3.702
6.942	3.696
6.912	3.690
6.882	3.684
6.852	3.678
6.821	3.671
6.790	3.665
6.758	3.659
6.726	3.654
6.695	3.649
6.663	3.645
6.632	3.641
6.601	3.638
6.569	3.636
6.537	3.633
6.505	3.631
6.472	3.628
6.439	3.626
6.406	3.623
6.372	3.620
6.340	3.617
6.307	3.614
6.275	3.612
6.243	3.609
6.212	3.606
6.181	3.603
6.150	3.600
6.119	3.596
6.088	3.593
6.057	3.590
6.025	3.587
5.991	3.586
5.957	3.586
5.922	3.586
5.886	3.587
5.852	3.587
5.818	3.587
5.786	3.585
5.755	3.583
5.726	3.579
5.696	3.576
5.666	3.572
5.635	3.570
5.603	3.568
5.572	3.565
5.544	3.559
5.519	3.548
5.501	3.531
5.488	3.507
5.481	3.478
5.478	3.447
5.478	3.414
5.480	3.383
5.483	3.353
5.488	3.324
5.495	3.295
5.504	3.265
5.515	3.233
5.528	3.201
5.538	3.170
5.544	3.142
5.542	3.119
5.531	3.103
5.516	3.092
5.509	3.083
