X	Y
1196.000	660.000
1197.814	658.594
1199.913	657.285
1202.288	656.069
1204.925	654.942
1207.813	653.898
1210.940	652.934
1214.295	652.043
1217.867	651.223
1221.642	650.467
1225.610	649.772
1229.760	649.133
1234.078	648.545
1238.554	648.003
1243.176	647.503
1247.932	647.039
1252.811	646.608
1257.801	646.205
1262.890	645.825
1268.067	645.463
1273.319	645.115
1278.636	644.776
1284.005	644.442
1289.415	644.107
1294.854	643.767
1300.310	643.417
1305.772	643.053
1311.229	642.670
1316.667	642.264
1322.077	641.829
1327.451	641.364
1332.790	640.871
1338.097	640.353
1343.371	639.810
1348.616	639.247
1353.831	638.664
1359.019	638.065
1364.180	637.451
1369.317	636.825
1374.430	636.188
1379.522	635.544
1384.592	634.895
1389.644	634.242
1394.677	633.588
1399.694	632.935
1404.696	632.286
1409.685	631.642
1414.661	631.007
1419.626	630.381
1424.581	629.769
1429.529	629.171
1434.470	628.590
1439.405	628.028
1444.337	627.488
1449.266	626.971
1454.193	626.481
1459.121	626.018
1464.051	625.587
1468.984	625.188
1473.921	624.824
1478.864	624.497
1483.814	624.210
1488.772	623.965
1493.740	623.764
1498.713	623.610
1503.688	623.506
1508.663	623.456
1513.633	623.463
1518.596	623.529
1523.547	623.658
1528.484	623.852
1533.403	624.115
1538.301	624.451
1543.174	624.861
1548.019	625.350
1552.832	625.919
1557.611	626.573
1562.351	627.315
1567.050	628.147
1571.703	629.072
1576.309	630.094
1580.862	631.216
1585.360	632.440
1589.800	633.771
1594.177	635.210
1598.490	636.761
1602.733	638.428
1606.904	640.213
1611.000	642.119
1615.017	644.150
1618.951	646.308
1622.800	648.597
1626.559	651.019
1630.227	653.578
1633.802	656.271
1637.291	659.094
1640.695	662.042
1644.018	665.108
1647.265	668.288
1650.440	671.577
1653.545	674.970
1656.585	678.460
1659.563	682.044
1662.484	685.715
1665.350	689.469
1668.166	693.300
1670.936	697.203
1673.663	701.173
1676.350	705.205
1679.003	709.293
1681.624	713.433
1684.217	717.618
1686.785	721.844
1689.334	726.105
1691.866	730.397
1694.385	734.714
1696.895	739.051
1699.400	743.402
1701.903	747.762
1704.408	752.127
1706.919	756.491
1709.440	760.848
1711.974	765.194
1714.526	769.524
1717.098	773.831
1719.691	778.114
1722.300	782.373
1724.920	786.611
1727.546	790.827
1730.174	795.022
1732.799	799.199
1735.416	803.358
1738.019	807.500
1740.604	811.625
1743.167	815.736
1745.702	819.834
1748.204	823.919
1750.669	827.992
1753.092	832.054
1755.468	836.108
1757.791	840.153
1760.058	844.191
1762.262	848.222
1764.401	852.249
1766.467	856.272
1768.458	860.291
1770.367	864.309
1772.190	868.326
1773.922	872.344
1775.558	876.363
1777.094	880.384
1778.523	884.409
1779.843	888.439
1781.047	892.474
1782.131	896.516
1783.092	900.566
1783.928	904.621
1784.642	908.683
1785.234	912.748
1785.703	916.816
1786.052	920.886
1786.280	924.956
1786.389	929.026
1786.378	933.094
1786.249	937.159
1786.002	941.219
1785.638	945.275
1785.158	949.323
1784.562	953.365
1783.850	957.397
1783.025	961.419
1782.085	965.429
1781.032	969.428
1779.867	973.412
1778.589	977.382
1777.201	981.336
1775.702	985.273
1774.093	989.191
1772.375	993.090
1770.548	996.969
1768.613	1000.825
1766.572	1004.658
1764.428	1008.467
1762.192	1012.249
1759.869	1016.003
1757.468	1019.728
1754.998	1023.422
1752.465	1027.083
1749.878	1030.709
1747.245	1034.299
1744.573	1037.850
1741.871	1041.363
1739.146	1044.834
1736.407	1048.262
1733.660	1051.645
1730.915	1054.983
1728.179	1058.272
1725.459	1061.511
1722.765	1064.700
1720.103	1067.835
1717.482	1070.916
1714.909	1073.940
1712.392	1076.907
1709.940	1079.814
1707.560	1082.660
1705.260	1085.442
1703.048	1088.160
1700.932	1090.812
1698.919	1093.396
1697.005	1095.910
1695.176	1098.355
1693.416	1100.729
1691.711	1103.031
1690.047	1105.261
1688.407	1107.418
1686.779	1109.501
1685.146	1111.510
1683.494	1113.443
1681.808	1115.300
1680.074	1117.079
1678.276	1118.781
1676.400	1120.404
1674.431	1121.948
1672.354	1123.412
1670.155	1124.795
1667.818	1126.096
1665.335	1127.315
1662.715	1128.454
1659.973	1129.515
1657.122	1130.502
1654.175	1131.416
1651.146	1132.259
1648.049	1133.034
1644.897	1133.744
1641.705	1134.390
1638.485	1134.976
1635.252	1135.503
1632.019	1135.974
1628.799	1136.391
1625.606	1136.757
1622.455	1137.074
1619.358	1137.344
1616.329	1137.570
1613.382	1137.754
1610.530	1137.899
1607.788	1138.007
1605.162	1138.082
1602.642	1138.134
1600.213	1138.174
1597.860	1138.214
1595.569	1138.263
1593.324	1138.334
1591.111	1138.437
1588.916	1138.583
1586.722	1138.783
1584.516	1139.048
1582.283	1139.390
1580.008	1139.820
1577.676	1140.347
1575.272	1140.984
1572.782	1141.742
1570.193	1142.630
1567.505	1143.646
1564.730	1144.781
1561.878	1146.025
1558.959	1147.370
1555.985	1148.804
1552.966	1150.319
1549.913	1151.906
1546.836	1153.555
1543.746	1155.256
1540.654	1157.000
1537.570	1158.778
1534.505	1160.579
1531.470	1162.395
1528.475	1164.217
1525.531	1166.033
1522.648	1167.836
1519.838	1169.615
1517.111	1171.362
1514.477	1173.065
1511.948	1174.718
1509.533	1176.308
1507.236	1177.831
1505.038	1179.284
1502.919	1180.667
1500.861	1181.979
1498.842	1183.221
1496.842	1184.391
1494.843	1185.489
1492.823	1186.515
1490.764	1187.468
1488.644	1188.348
1486.444	1189.154
1484.144	1189.886
1481.725	1190.543
1479.165	1191.124
1476.446	1191.630
1473.547	1192.060
1470.457	1192.413
1467.183	1192.687
1463.739	1192.878
1460.136	1192.984
1456.385	1193.003
1452.500	1192.932
1448.492	1192.769
1444.373	1192.510
1440.156	1192.154
1435.850	1191.698
1431.470	1191.139
1427.027	1190.474
1422.533	1189.701
1418.000	1188.817
1413.440	1187.821
1408.865	1186.708
1404.286	1185.477
1399.717	1184.125
1395.168	1182.649
1390.653	1181.047
1386.182	1179.316
1381.767	1177.454
1377.422	1175.457
1373.157	1173.324
1368.986	1171.052
1364.919	1168.638
1360.968	1166.080
1357.147	1163.375
1353.460	1160.522
1349.905	1157.527
1346.474	1154.394
1343.162	1151.130
1339.963	1147.738
1336.871	1144.225
1333.880	1140.595
1330.984	1136.854
1328.178	1133.007
1325.455	1129.060
1322.809	1125.016
1320.235	1120.883
1317.726	1116.664
1315.277	1112.365
1312.882	1107.992
1310.535	1103.549
1308.229	1099.042
1305.960	1094.476
1303.720	1089.857
1301.505	1085.188
1299.307	1080.477
1297.123	1075.727
1294.944	1070.945
1292.766	1066.135
1290.582	1061.302
1288.387	1056.452
1286.174	1051.591
1283.939	1046.722
1281.674	1041.853
1279.374	1036.986
1277.032	1032.129
1274.644	1027.286
1272.204	1022.462
1269.713	1017.660
1267.174	1012.881
1264.594	1008.126
1261.976	1003.397
1259.324	998.695
1256.643	994.022
1253.938	989.378
1251.213	984.765
1248.472	980.185
1245.720	975.638
1242.961	971.126
1240.200	966.651
1237.442	962.213
1234.690	957.814
1231.949	953.456
1229.223	949.139
1226.518	944.865
1223.837	940.635
1221.185	936.451
1218.566	932.314
1215.985	928.225
1213.447	924.186
1210.955	920.197
1208.514	916.261
1206.129	912.378
1203.804	908.551
1201.544	904.779
1199.352	901.065
1197.234	897.409
1195.194	893.814
1193.236	890.280
1191.364	886.809
1189.582	883.400
1187.889	880.047
1186.285	876.744
1184.769	873.486
1183.340	870.268
1181.999	867.083
1180.744	863.927
1179.575	860.793
1178.493	857.677
1177.495	854.572
1176.582	851.473
1175.754	848.374
1175.009	845.270
1174.348	842.155
1173.770	839.024
1173.274	835.871
1172.860	832.691
1172.528	829.477
1172.276	826.224
1172.106	822.928
1172.015	819.581
1172.004	816.179
1172.070	812.722
1172.208	809.216
1172.415	805.666
1172.685	802.078
1173.014	798.456
1173.398	794.808
1173.833	791.138
1174.313	787.452
1174.835	783.756
1175.393	780.055
1175.984	776.355
1176.603	772.661
1177.246	768.979
1177.908	765.315
1178.584	761.674
1179.271	758.061
1179.964	754.483
1180.658	750.945
1181.348	747.452
1182.031	744.011
1182.703	740.626
1183.357	737.303
1183.991	734.048
1184.599	730.866
1185.182	727.754
1185.736	724.711
1186.262	721.733
1186.758	718.819
1187.223	715.966
1187.656	713.170
1188.057	710.431
1188.422	707.744
1188.753	705.108
1189.047	702.519
1189.304	699.976
1189.523	697.476
1189.701	695.016
1189.839	692.593
1189.936	690.206
1189.989	687.851
1189.998	685.525
1189.970	683.230
1189.929	680.969
1189.900	678.748
1189.909	676.574
1189.983	674.451
1190.147	672.385
1190.427	670.382
1190.849	668.447
1191.439	666.587
1192.224	664.806
1193.228	663.111
1194.478	661.507
1196.000	660.000
