X	Y
818.000	365.000
819.502	364.017
821.130	363.184
822.878	362.496
824.743	361.947
826.718	361.531
828.800	361.243
830.983	361.076
833.264	361.026
835.636	361.086
838.096	361.251
840.638	361.515
843.259	361.873
845.952	362.319
848.714	362.847
851.540	363.451
854.424	364.127
857.363	364.867
860.351	365.667
863.384	366.521
866.457	367.423
869.564	368.368
872.703	369.350
875.867	370.363
879.051	371.401
882.252	372.459
885.465	373.531
888.684	374.612
891.905	375.696
895.123	376.777
898.334	377.850
901.532	378.908
904.714	379.947
907.873	380.960
911.007	381.943
914.116	382.896
917.201	383.820
920.263	384.716
923.305	385.586
926.328	386.431
929.332	387.252
932.321	388.051
935.295	388.829
938.255	389.586
941.204	390.325
944.143	391.046
947.073	391.752
949.995	392.442
952.912	393.119
955.825	393.784
958.735	394.437
961.644	395.081
964.554	395.716
967.465	396.345
970.379	396.967
973.299	397.584
976.224	398.199
979.158	398.811
982.101	399.422
985.055	400.033
988.021	400.647
991.002	401.263
993.997	401.884
997.010	402.510
1000.041	403.143
1003.092	403.784
1006.164	404.434
1009.260	405.095
1012.380	405.768
1015.526	406.454
1018.699	407.155
1021.900	407.871
1025.129	408.601
1028.383	409.344
1031.662	410.099
1034.965	410.866
1038.289	411.643
1041.634	412.430
1044.998	413.225
1048.381	414.027
1051.780	414.836
1055.195	415.650
1058.624	416.469
1062.067	417.292
1065.521	418.116
1068.985	418.943
1072.459	419.770
1075.941	420.596
1079.429	421.422
1082.923	422.244
1086.420	423.064
1089.921	423.879
1093.423	424.689
1096.925	425.493
1100.427	426.289
1103.926	427.078
1107.421	427.857
1110.912	428.626
1114.396	429.383
1117.873	430.129
1121.341	430.862
1124.800	431.580
1128.247	432.284
1131.681	432.971
1135.102	433.641
1138.507	434.294
1141.896	434.927
1145.268	435.541
1148.620	436.133
1151.953	436.704
1155.264	437.252
1158.552	437.776
1161.816	438.275
1165.055	438.750
1168.271	439.201
1171.462	439.629
1174.629	440.035
1177.772	440.421
1180.891	440.787
1183.987	441.134
1187.059	441.463
1190.108	441.776
1193.134	442.072
1196.138	442.354
1199.118	442.622
1202.076	442.877
1205.011	443.121
1207.924	443.353
1210.815	443.576
1213.684	443.790
1216.532	443.996
1219.357	444.195
1222.161	444.388
1224.944	444.576
1227.706	444.760
1230.447	444.941
1233.167	445.120
1235.866	445.299
1238.545	445.477
1241.203	445.656
1243.841	445.837
1246.460	446.022
1249.058	446.210
1251.637	446.403
1254.196	446.602
1256.736	446.808
1259.256	447.022
1261.758	447.245
1264.240	447.479
1266.702	447.725
1269.144	447.986
1271.565	448.262
1273.965	448.556
1276.344	448.870
1278.701	449.205
1281.037	449.563
1283.349	449.945
1285.639	450.354
1287.906	450.791
1290.148	451.258
1292.367	451.757
1294.562	452.289
1296.732	452.856
1298.877	453.461
1300.996	454.103
1303.089	454.787
1305.156	455.512
1307.197	456.282
1309.211	457.097
1311.197	457.959
1313.156	458.871
1315.086	459.833
1316.988	460.848
1318.861	461.918
1320.704	463.043
1322.517	464.222
1324.297	465.454
1326.041	466.736
1327.749	468.067
1329.418	469.443
1331.047	470.865
1332.632	472.328
1334.174	473.831
1335.668	475.373
1337.115	476.951
1338.511	478.563
1339.855	480.208
1341.145	481.882
1342.378	483.585
1343.554	485.313
1344.670	487.066
1345.724	488.841
1346.714	490.636
1347.638	492.449
1348.495	494.277
1349.282	496.120
1349.997	497.975
1350.640	499.840
1351.206	501.712
1351.696	503.590
1352.106	505.471
1352.434	507.352
1352.678	509.231
1352.837	511.104
1352.907	512.969
1352.887	514.822
1352.774	516.662
1352.567	518.486
1352.263	520.290
1351.860	522.073
1351.356	523.830
1350.749	525.560
1350.036	527.260
1349.216	528.926
1348.286	530.557
1347.244	532.149
1346.088	533.700
1344.815	535.206
1343.425	536.666
1341.914	538.076
1340.281	539.435
1338.531	540.742
1336.670	542.000
1334.701	543.210
1332.630	544.372
1330.463	545.489
1328.204	546.561
1325.858	547.590
1323.431	548.577
1320.927	549.524
1318.352	550.431
1315.711	551.299
1313.009	552.131
1310.251	552.928
1307.442	553.690
1304.587	554.419
1301.691	555.116
1298.760	555.783
1295.799	556.421
1292.812	557.031
1289.805	557.614
1286.782	558.172
1283.750	558.705
1280.713	559.216
1277.675	559.706
1274.643	560.175
1271.622	560.625
1268.615	561.058
1265.630	561.474
1262.670	561.875
1259.740	562.263
1256.847	562.637
1253.994	563.001
1251.187	563.354
1248.422	563.697
1245.697	564.031
1243.008	564.355
1240.354	564.669
1237.729	564.975
1235.133	565.271
1232.561	565.557
1230.010	565.835
1227.477	566.105
1224.959	566.365
1222.453	566.617
1219.957	566.861
1217.466	567.096
1214.977	567.323
1212.489	567.542
1209.997	567.754
1207.498	567.957
1204.990	568.153
1202.469	568.342
1199.932	568.523
1197.375	568.697
1194.798	568.864
1192.194	569.024
1189.563	569.177
1186.901	569.324
1184.203	569.464
1181.469	569.597
1178.694	569.725
1175.875	569.846
1173.009	569.961
1170.094	570.071
1167.129	570.174
1164.118	570.271
1161.063	570.360
1157.966	570.442
1154.830	570.516
1151.658	570.581
1148.452	570.636
1145.215	570.683
1141.949	570.719
1138.658	570.744
1135.343	570.758
1132.007	570.761
1128.653	570.751
1125.283	570.729
1121.901	570.693
1118.508	570.644
1115.107	570.580
1111.700	570.502
1108.292	570.409
1104.882	570.300
1101.476	570.174
1098.074	570.032
1094.681	569.873
1091.297	569.696
1087.926	569.501
1084.571	569.287
1081.234	569.054
1077.917	568.801
1074.624	568.528
1071.356	568.234
1068.117	567.919
1064.908	567.582
1061.733	567.223
1058.595	566.841
1055.495	566.436
1052.436	566.007
1049.422	565.554
1046.453	565.076
1043.534	564.573
1040.662	564.045
1037.835	563.492
1035.052	562.915
1032.309	562.315
1029.605	561.691
1026.938	561.045
1024.305	560.377
1021.704	559.686
1019.133	558.975
1016.589	558.242
1014.071	557.489
1011.576	556.716
1009.102	555.924
1006.647	555.113
1004.208	554.282
1001.784	553.434
999.372	552.568
996.969	551.685
994.574	550.785
992.185	549.868
989.799	548.936
987.414	547.988
985.027	547.026
982.637	546.048
980.242	545.057
977.839	544.052
975.425	543.034
972.999	542.003
970.559	540.960
968.101	539.905
965.625	538.838
963.129	537.761
960.613	536.672
958.080	535.572
955.531	534.460
952.967	533.335
950.390	532.198
947.801	531.049
945.203	529.886
942.596	528.710
939.982	527.520
937.363	526.316
934.740	525.098
932.114	523.865
929.487	522.617
926.862	521.354
924.238	520.076
921.618	518.782
919.003	517.472
916.395	516.145
913.795	514.802
911.205	513.442
908.627	512.065
906.061	510.670
903.509	509.257
900.973	507.826
898.455	506.377
895.956	504.908
893.477	503.421
891.020	501.915
888.586	500.389
886.177	498.843
883.795	497.276
881.441	495.689
879.117	494.082
876.823	492.453
874.561	490.805
872.331	489.140
870.134	487.458
867.970	485.762
865.840	484.054
863.744	482.335
861.682	480.608
859.656	478.873
857.666	477.133
855.711	475.389
853.794	473.643
851.913	471.897
850.071	470.153
848.266	468.412
846.501	466.677
844.775	464.948
843.088	463.229
841.442	461.519
839.837	459.822
838.273	458.139
836.751	456.472
835.271	454.822
833.834	453.191
832.440	451.582
831.091	449.995
829.785	448.433
828.525	446.897
827.310	445.389
826.141	443.911
825.017	442.459
823.937	441.028
822.901	439.613
821.907	438.208
820.955	436.809
820.043	435.410
819.170	434.005
818.336	432.590
817.540	431.159
816.780	429.707
816.055	428.229
815.365	426.719
814.708	425.172
814.085	423.583
813.492	421.946
812.930	420.256
812.398	418.508
811.895	416.697
811.419	414.817
810.970	412.864
810.548	410.834
810.156	408.736
809.799	406.579
809.481	404.373
809.206	402.128
808.979	399.853
808.804	397.559
808.686	395.255
808.628	392.951
808.635	390.656
808.712	388.381
808.863	386.135
809.091	383.927
809.402	381.768
809.800	379.668
810.289	377.636
810.873	375.681
811.558	373.815
812.346	372.045
813.242	370.383
814.252	368.837
815.378	367.419
816.626	366.136
818.000	365.000
