X	Y
1708.000	3786.000
1709.626	3780.739
1711.596	3775.490
1713.894	3770.253
1716.506	3765.027
1719.415	3759.811
1722.608	3754.604
1726.069	3749.406
1729.784	3744.215
1733.736	3739.031
1737.911	3733.853
1742.294	3728.680
1746.870	3723.512
1751.624	3718.347
1756.541	3713.185
1761.605	3708.025
1766.802	3702.866
1772.117	3697.707
1777.534	3692.548
1783.043	3687.389
1788.641	3682.230
1794.328	3677.074
1800.100	3671.922
1805.956	3666.774
1811.895	3661.634
1817.915	3656.502
1824.013	3651.380
1830.189	3646.269
1836.440	3641.170
1842.765	3636.086
1849.162	3631.017
1855.629	3625.966
1862.165	3620.933
1868.767	3615.920
1875.434	3610.929
1882.165	3605.961
1888.957	3601.017
1895.809	3596.100
1902.719	3591.210
1909.684	3586.349
1916.705	3581.518
1923.779	3576.719
1930.906	3571.950
1938.088	3567.211
1945.326	3562.500
1952.619	3557.817
1959.969	3553.160
1967.377	3548.528
1974.844	3543.921
1982.369	3539.336
1989.955	3534.774
1997.601	3530.232
2005.309	3525.710
2013.079	3521.208
2020.912	3516.722
2028.809	3512.254
2036.770	3507.801
2044.797	3503.362
2052.890	3498.937
2061.050	3494.524
2069.277	3490.123
2077.573	3485.732
2085.939	3481.349
2094.374	3476.975
2102.880	3472.608
2111.458	3468.247
2120.104	3463.895
2128.814	3459.559
2137.581	3455.248
2146.397	3450.969
2155.258	3446.730
2164.156	3442.540
2173.086	3438.407
2182.040	3434.338
2191.013	3430.341
2199.998	3426.425
2208.988	3422.598
2217.978	3418.867
2226.960	3415.240
2235.929	3411.727
2244.878	3408.333
2253.801	3405.069
2262.691	3401.940
2271.542	3398.956
2280.348	3396.125
2289.102	3393.454
2297.798	3390.952
2306.430	3388.627
2314.990	3386.486
2323.473	3384.537
2331.873	3382.789
2340.182	3381.249
2348.402	3379.916
2356.539	3378.776
2364.600	3377.819
2372.590	3377.032
2380.518	3376.403
2388.389	3375.920
2396.211	3375.572
2403.989	3375.345
2411.731	3375.229
2419.444	3375.210
2427.133	3375.276
2434.806	3375.417
2442.470	3375.619
2450.130	3375.871
2457.795	3376.160
2465.470	3376.475
2473.162	3376.803
2480.877	3377.132
2488.624	3377.451
2496.407	3377.746
2504.235	3378.007
2512.105	3378.228
2519.987	3378.427
2527.843	3378.632
2535.635	3378.865
2543.326	3379.152
2550.878	3379.519
2558.254	3379.990
2565.416	3380.591
2572.326	3381.346
2578.947	3382.281
2585.242	3383.420
2591.172	3384.789
2596.700	3386.412
2601.788	3388.315
2606.399	3390.522
2610.496	3393.060
2614.040	3395.952
2616.994	3399.224
2619.352	3402.884
2621.145	3406.921
2622.411	3411.319
2623.188	3416.064
2623.512	3421.142
2623.420	3426.538
2622.950	3432.237
2622.138	3438.225
2621.021	3444.488
2619.636	3451.011
2618.020	3457.779
2616.211	3464.778
2614.245	3471.994
2612.159	3479.411
2609.990	3487.016
2607.775	3494.793
2605.543	3502.730
2603.299	3510.817
2601.043	3519.045
2598.774	3527.403
2596.492	3535.883
2594.199	3544.477
2591.893	3553.173
2589.574	3561.964
2587.244	3570.840
2584.901	3579.791
2582.546	3588.809
2580.179	3597.885
2577.799	3607.008
2575.408	3616.170
2573.005	3625.362
2570.589	3634.575
2568.162	3643.798
2565.723	3653.023
2563.272	3662.241
2560.809	3671.443
2558.334	3680.618
2555.847	3689.759
2553.349	3698.855
2550.839	3707.897
2548.317	3716.877
2545.784	3725.785
2543.237	3734.608
2540.673	3743.333
2538.091	3751.947
2535.488	3760.437
2532.861	3768.789
2530.209	3776.991
2527.528	3785.030
2524.817	3792.891
2522.072	3800.562
2519.292	3808.031
2516.474	3815.283
2513.615	3822.306
2510.713	3829.085
2507.767	3835.609
2504.772	3841.865
2501.728	3847.837
2498.631	3853.515
2495.479	3858.884
2492.269	3863.931
2489.000	3868.644
2485.667	3873.010
2482.251	3877.036
2478.723	3880.738
2475.054	3884.131
2471.217	3887.234
2467.182	3890.061
2462.920	3892.630
2458.402	3894.956
2453.601	3897.057
2448.487	3898.948
2443.031	3900.645
2437.205	3902.166
2430.981	3903.526
2424.328	3904.743
2417.220	3905.831
2409.631	3906.807
2401.574	3907.677
2393.075	3908.442
2384.158	3909.104
2374.850	3909.668
2365.175	3910.134
2355.161	3910.505
2344.831	3910.783
2334.213	3910.972
2323.331	3911.072
2312.211	3911.086
2300.879	3911.018
2289.361	3910.868
2277.681	3910.640
2265.867	3910.335
2253.942	3909.957
2241.933	3909.507
2229.866	3908.987
2217.766	3908.401
2205.658	3907.750
2193.569	3907.037
2181.524	3906.264
2169.549	3905.434
2157.668	3904.548
2145.909	3903.609
2134.296	3902.620
2122.855	3901.583
2111.611	3900.499
2100.591	3899.372
2089.820	3898.204
2079.320	3896.998
2069.085	3895.757
2059.101	3894.487
2049.351	3893.193
2039.819	3891.881
2030.491	3890.555
2021.349	3889.220
2012.380	3887.883
2003.565	3886.547
1994.891	3885.219
1986.342	3883.902
1977.900	3882.603
1969.552	3881.327
1961.280	3880.078
1953.070	3878.862
1944.905	3877.684
1936.771	3876.550
1928.650	3875.463
1920.527	3874.430
1912.388	3873.456
1904.215	3872.546
1895.993	3871.705
1887.707	3870.937
1879.340	3870.250
1870.879	3869.645
1862.334	3869.115
1853.735	3868.637
1845.111	3868.194
1836.493	3867.762
1827.911	3867.323
1819.394	3866.855
1810.972	3866.338
1802.675	3865.752
1794.533	3865.076
1786.577	3864.289
1778.835	3863.371
1771.339	3862.302
1764.117	3861.060
1757.199	3859.626
1750.617	3857.979
1744.399	3856.098
1738.576	3853.963
1733.177	3851.554
1728.232	3848.849
1723.772	3845.828
1719.817	3842.481
1716.363	3838.826
1713.397	3834.892
1710.908	3830.703
1708.883	3826.288
1707.312	3821.673
1706.181	3816.884
1705.480	3811.948
1705.196	3806.892
1705.318	3801.742
1705.834	3796.526
1706.732	3791.270
1708.000	3786.000
